
# Surface 0 of 1 surfaces

# Curve title: "'outputs/function.dat' using 1:2:3"

# Contour 0, label:        0
 3.3061  2.40686  0 
 3.17561  2.39392  0 
 3.04512  2.37342  0 

 3.04512  2.37342  0 
 2.9309  2.35  0 
 2.91463  2.34632  0 
 2.78415  2.3096  0 
 2.65366  2.26895  0 
 2.52317  2.22514  0 
 2.45451  2.2  0 
 2.39268  2.1753  0 
 2.2622  2.11964  0 
 2.13171  2.0628  0 
 2.10413  2.05  0 
 2.00122  1.99806  0 
 1.87073  1.93141  0 
 1.81107  1.9  0 
 1.74024  1.85941  0 
 1.60976  1.78366  0 
 1.55279  1.75  0 
 1.47927  1.70262  0 
 1.34878  1.6186  0 
 1.3205  1.6  0 
 1.21829  1.52654  0 
 1.11019  1.45  0 
 1.0878  1.43253  0 
 0.957317  1.3299  0 
 0.919246  1.3  0 
 0.826829  1.21984  0 
 0.745182  1.15  0 
 0.696341  1.10335  0 
 0.586591  1  0 
 0.565854  0.977894  0 
 0.444144  0.85  0 
 0.435366  0.839373  0 
 0.31855  0.7  0 
 0.304878  0.680762  0 
 0.210564  0.55  0 
 0.17439  0.488885  0 
 0.120983  0.4  0 
 0.0514281  0.25  0 
 0.0439024  0.221951  0 
 0.0106129  0.1  0 
 0.00453049 -0.05  0 
 0.0439024 -0.180123  0 
 0.0523583 -0.2  0 
 0.17439 -0.316382  0 
 0.233733 -0.35  0 
 0.304878 -0.37528  0 
 0.435366 -0.401126  0 
 0.565854 -0.410183  0 
 0.696341 -0.406699  0 
 0.826829 -0.393604  0 
 0.957317 -0.372978  0 
 1.06878 -0.35  0 
 1.0878 -0.345673  0 
 1.21829 -0.308871  0 
 1.34878 -0.26816  0 
 1.47927 -0.224293  0 
 1.54548 -0.2  0 
 1.60976 -0.174269  0 
 1.74024 -0.118588  0 
 1.87073 -0.0617302  0 
 1.89596 -0.05  0 
 2.00122  0.00318788  0 
 2.13171  0.0698373  0 
 2.18895  0.1  0 
 2.2622  0.142019  0 
 2.39268  0.217744  0 
 2.44723  0.25  0 
 2.52317  0.298971  0 
 2.65366  0.382946  0 
 2.67957  0.4  0 
 2.78415  0.475201  0 
 2.88973  0.55  0 
 2.91463  0.569442  0 
 3.04512  0.671967  0 
 3.0808  0.7  0 
 3.17561  0.782253  0 
 3.25479  0.85  0 
 3.3061  0.899008  0 
 3.41333  1  0 
 3.43659  1.02479  0 
 3.55576  1.15  0 
 3.56707  1.16369  0 
 3.68136  1.3  0 
 3.69756  1.32278  0 
 3.78938  1.45  0 
 3.82805  1.51524  0 
 3.87904  1.6  0 
 3.94845  1.75  0 
 3.95854  1.78737  0 
 3.98946  1.9  0 
 3.99554  2.05  0 
 3.95854  2.17362  0 
 3.94745  2.2  0 
 3.82805  2.31466  0 
 3.76624  2.35  0 
 3.69756  2.3746  0 
 3.56707  2.40081  0 
 3.43659  2.41014  0 
 3.3061  2.40686  0 


# Contour 1, label:      -20
 8.39512  5.07639 -20 
 8.41543  5.05 -20 
 8.50533  4.9 -20 
 8.52561  4.85383 -20 
 8.5667  4.75 -20 
 8.60599  4.6 -20 
 8.62719  4.45 -20 
 8.63279  4.3 -20 
 8.62482  4.15 -20 
 8.60499  4 -20 
 8.57472  3.85 -20 
 8.53521  3.7 -20 
 8.52561  3.67072 -20 
 8.48623  3.55 -20 
 8.42948  3.4 -20 
 8.39512  3.32006 -20 
 8.36515  3.25 -20 
 8.29369  3.1 -20 
 8.26463  3.0445 -20 
 8.21538  2.95 -20 
 8.13415  2.80521 -20 
 8.13124  2.8 -20 
 8.04022  2.65 -20 
 8.00366  2.59338 -20 
 7.94362  2.5 -20 
 7.87317  2.39657 -20 
 7.84159  2.35 -20 
 7.74268  2.2119 -20 
 7.7342  2.2 -20 
 7.62126  2.05 -20 
 7.6122  2.03855 -20 
 7.50301  1.9 -20 
 7.48171  1.87417 -20 
 7.37975  1.75 -20 
 7.35122  1.71673 -20 
 7.25155  1.6 -20 
 7.22073  1.56537 -20 
 7.11847  1.45 -20 
 7.09024  1.4194 -20 
 6.98057  1.3 -20 
 6.95976  1.27819 -20 
 6.8379  1.15 -20 
 6.82927  1.14124 -20 
 6.69878  1.00863 -20 
 6.69031  1 -20 
 6.56829  0.880179 -20 
 6.53769  0.85 -20 
 6.4378  0.754912 -20 
 6.38036  0.7 -20 
 6.30732  0.632511 -20 
 6.21838  0.55 -20 
 6.17683  0.512697 -20 
 6.05181  0.4 -20 
 6.04634  0.395227 -20 
 5.91585  0.281589 -20 
 5.8797  0.25 -20 
 5.78537  0.170157 -20 
 5.70283  0.1 -20 
 5.65488  0.0604732 -20 
 5.52439 -0.0474841 -20 
 5.52134 -0.05 -20 
 5.3939 -0.151812 -20 
 5.33385 -0.2 -20 
 5.26341 -0.254867 -20 
 5.14182 -0.35 -20 
 5.13293 -0.356758 -20 
 5.00244 -0.455407 -20 
 4.94362 -0.5 -20 
 4.87195 -0.55281 -20 
 4.74146 -0.649368 -20 
 4.7406 -0.65 -20 
 4.61098 -0.742525 -20 
 4.53082 -0.8 -20 
 4.48049 -0.835104 -20 
 4.35 -0.926025 -20 
 4.31546 -0.95 -20 
 4.21951 -1.01481 -20 
 4.09397 -1.1 -20 
 4.08902 -1.10327 -20 
 3.95854 -1.18863 -20 
 3.8651 -1.25 -20 
 3.82805 -1.2737 -20 
 3.69756 -1.35668 -20 
 3.62936 -1.4 -20 
 3.56707 -1.43854 -20 
 3.43659 -1.51905 -20 
 3.38617 -1.55 -20 
 3.3061 -1.5979 -20 
 3.17561 -1.67585 -20 
 3.13489 -1.7 -20 
 3.04512 -1.75186 -20 
 2.91463 -1.82719 -20 
 2.87477 -1.85 -20 
 2.78415 -1.90053 -20 
 2.65366 -1.97315 -20 
 2.605 -2 -20 

-1  2.45726 -20 
-0.943627  2.5 -20 
-0.869512  2.5546 -20 
-0.740592  2.65 -20 
-0.739024  2.65113 -20 
-0.608537  2.74428 -20 
-0.530808  2.8 -20 
-0.478049  2.83679 -20 
-0.347561  2.92773 -20 
-0.315483  2.95 -20 
-0.217073  3.01646 -20 
-0.0939355  3.1 -20 
-0.0865854  3.10486 -20 
 0.0439024  3.19024 -20 
 0.134917  3.25 -20 
 0.17439  3.27524 -20 
 0.304878  3.35823 -20 
 0.37064  3.4 -20 
 0.435366  3.44004 -20 
 0.565854  3.52056 -20 
 0.613816  3.55 -20 
 0.696341  3.59935 -20 
 0.826829  3.67731 -20 
 0.865098  3.7 -20 
 0.957317  3.75327 -20 
 1.0878  3.8286 -20 
 1.12522  3.85 -20 
 1.21829  3.90189 -20 
 1.34878  3.97451 -20 
 1.39499  4 -20 
 1.47927  4.04531 -20 
 1.60976  4.11515 -20 
 1.67534  4.15 -20 
 1.74024  4.18361 -20 
 1.87073  4.25061 -20 
 1.96732  4.3 -20 
 2.00122  4.3169 -20 
 2.13171  4.38098 -20 
 2.2622  4.44502 -20 
 2.27254  4.45 -20 
 2.39268  4.50635 -20 
 2.52317  4.5673 -20 
 2.59404  4.6 -20 
 2.65366  4.62681 -20 
 2.78415  4.6846 -20 
 2.91463  4.74209 -20 
 2.93301  4.75 -20 
 3.04512  4.79702 -20 
 3.17561  4.85117 -20 
 3.2945  4.9 -20 
 3.3061  4.90464 -20 
 3.43659  4.95539 -20 
 3.56707  5.00555 -20 
 3.68442  5.05 -20 
 3.69756  5.05485 -20 
 3.82805  5.10142 -20 
 3.95854  5.14722 -20 
 4.08902  5.19219 -20 
 4.11254  5.2 -20 
 4.21951  5.23457 -20 
 4.35  5.2756 -20 
 4.48049  5.3156 -20 
 4.59621  5.35 -20 
 4.61098  5.35427 -20 
 4.74146  5.39012 -20 
 4.87195  5.42468 -20 
 5.00244  5.45787 -20 
 5.13293  5.4896 -20 
 5.17859  5.5 -20 
 5.26341  5.51876 -20 
 5.3939  5.54574 -20 
 5.52439  5.57094 -20 
 5.65488  5.59424 -20 
 5.78537  5.61551 -20 
 5.91585  5.63458 -20 
 6.03655  5.65 -20 
 6.04634  5.65121 -20 
 6.17683  5.66457 -20 
 6.30732  5.67529 -20 
 6.4378  5.68317 -20 
 6.56829  5.68798 -20 
 6.69878  5.68948 -20 
 6.82927  5.68737 -20 
 6.95976  5.68135 -20 
 7.09024  5.67107 -20 
 7.22073  5.65612 -20 
 7.26143  5.65 -20 
 7.35122  5.63497 -20 
 7.48171  5.60717 -20 
 7.6122  5.57251 -20 
 7.74268  5.53019 -20 
 7.82133  5.5 -20 
 7.87317  5.47722 -20 
 8.00366  5.41024 -20 
 8.10341  5.35 -20 
 8.13415  5.32813 -20 
 8.26463  5.22128 -20 
 8.28747  5.2 -20 
 8.39512  5.07639 -20 


# Contour 2, label:      -40
 7.51768  0.1 -40 
 7.48171  0.0687951 -40 
 7.35122 -0.0446508 -40 
 7.34506 -0.05 -40 
 7.22073 -0.15544 -40 
 7.16835 -0.2 -40 
 7.09024 -0.264974 -40 
 6.98834 -0.35 -40 
 6.95976 -0.373335 -40 
 6.82927 -0.479839 -40 
 6.80455 -0.5 -40 
 6.69878 -0.584416 -40 
 6.61686 -0.65 -40 
 6.56829 -0.688059 -40 
 6.4378 -0.790478 -40 
 6.42564 -0.8 -40 
 6.30732 -0.890643 -40 
 6.23008 -0.95 -40 
 6.17683 -0.99008 -40 
 6.04634 -1.08842 -40 
 6.03092 -1.1 -40 
 5.91585 -1.18466 -40 
 5.82732 -1.25 -40 
 5.78537 -1.28034 -40 
 5.65488 -1.37462 -40 
 5.61969 -1.4 -40 
 5.52439 -1.46736 -40 
 5.40784 -1.55 -40 
 5.3939 -1.55969 -40 
 5.26341 -1.64994 -40 
 5.19116 -1.7 -40 
 5.13293 -1.73956 -40 
 5.00244 -1.82816 -40 
 4.97017 -1.85 -40 
 4.87195 -1.91517 -40 
 4.74453 -2 -40 

 8.52561  7.48002 -40 
 8.6561  7.47776 -40 
 8.78659  7.47269 -40 
 8.91707  7.46462 -40 
 9.04756  7.45337 -40 
 9.07805  7.45 -40 
 9.17805  7.43811 -40 
 9.30854  7.4188 -40 
 9.43902  7.39533 -40 
 9.56951  7.3674 -40 
 9.7  7.33465 -40 
 9.81943  7.3 -40 
 9.83049  7.29649 -40 
 9.96098  7.25001 -40 
 10.0915  7.19683 -40 
 10.1932  7.15 -40 
 10.222  7.1353 -40 
 10.3524  7.06136 -40 
 10.4488  7 -40 
 10.4829  6.97551 -40 
 10.6134  6.87179 -40 
 10.6383  6.85 -40 
 10.7439  6.74359 -40 
 10.7832  6.7 -40 
 10.8744  6.58071 -40 
 10.8959  6.55 -40 
 10.983  6.4 -40 
 11.0049  6.35285 -40 
 11.0492  6.25 -40 
 11.0983  6.1 -40 
 11.133  5.95 -40 
 11.1354  5.9339 -40 
 11.1541  5.8 -40 
 11.1638  5.65 -40 
 11.1634  5.5 -40 
 11.1537  5.35 -40 
 11.1356  5.2 -40 
 11.1354  5.19878 -40 
 11.1091  5.05 -40 
 11.0755  4.9 -40 
 11.0353  4.75 -40 
 11.0049  4.65218 -40 
 10.9887  4.6 -40 
 10.9357  4.45 -40 
 10.8776  4.3 -40 
 10.8744  4.29254 -40 
 10.8133  4.15 -40 
 10.7446  4 -40 
 10.7439  3.99869 -40 
 10.6701  3.85 -40 
 10.6134  3.74219 -40 
 10.5913  3.7 -40 
 10.5078  3.55 -40 
 10.4829  3.50784 -40 
 10.4196  3.4 -40 
 10.3524  3.29082 -40 
 10.3274  3.25 -40 
 10.231  3.1 -40 
 10.222  3.08661 -40 
 10.1301  2.95 -40 
 10.0915  2.89473 -40 
 10.0254  2.8 -40 
 9.96098  2.71106 -40 
 9.91687  2.65 -40 
 9.83049  2.53473 -40 
 9.80455  2.5 -40 
 9.7  2.36495 -40 
 9.68846  2.35 -40 
 9.56951  2.20106 -40 
 9.56866  2.2 -40 
 9.44506  2.05 -40 
 9.43902  2.04291 -40 
 9.31786  1.9 -40 
 9.30854  1.88934 -40 
 9.18711  1.75 -40 
 9.17805  1.7399 -40 
 9.05285  1.6 -40 
 9.04756  1.59425 -40 
 8.91707  1.45218 -40 
 8.91508  1.45 -40 
 8.78659  1.31373 -40 
 8.77368  1.3 -40 
 8.6561  1.17834 -40 
 8.62879  1.15 -40 
 8.52561  1.04577 -40 
 8.48044  1 -40 
 8.39512  0.915783 -40 
 8.32868  0.85 -40 
 8.26463  0.788197 -40 
 8.17352  0.7 -40 
 8.13415  0.66283 -40 
 8.01499  0.55 -40 
 8.00366  0.539524 -40 
 7.87317  0.418918 -40 
 7.85273  0.4 -40 
 7.74268  0.300575 -40 
 7.68687  0.25 -40 
 7.6122  0.183906 -40 
 7.51768  0.1 -40 

-1  3.82982 -40 
-0.97018  3.85 -40 
-0.869512  3.91679 -40 
-0.744503  4 -40 
-0.739024  4.00358 -40 
-0.608537  4.08816 -40 
-0.513403  4.15 -40 
-0.478049  4.17255 -40 
-0.347561  4.25539 -40 
-0.277255  4.3 -40 
-0.217073  4.33747 -40 
-0.0865854  4.41852 -40 
-0.0357498  4.45 -40 
 0.0439024  4.49839 -40 
 0.17439  4.57762 -40 
 0.211444  4.6 -40 
 0.304878  4.65537 -40 
 0.435366  4.73273 -40 
 0.464687  4.75 -40 
 0.565854  4.80846 -40 
 0.696341  4.88391 -40 
 0.724372  4.9 -40 
 0.826829  4.95771 -40 
 0.957317  5.03121 -40 
 0.990925  5.05 -40 
 1.0878  5.10316 -40 
 1.21829  5.17468 -40 
 1.26481  5.2 -40 
 1.34878  5.24487 -40 
 1.47927  5.31436 -40 
 1.54654  5.35 -40 
 1.60976  5.38288 -40 
 1.74024  5.45031 -40 
 1.83666  5.5 -40 
 1.87073  5.51724 -40 
 2.00122  5.58258 -40 
 2.13171  5.64792 -40 
 2.13591  5.65 -40 
 2.2622  5.7112 -40 
 2.39268  5.77436 -40 
 2.44616  5.8 -40 
 2.52317  5.83624 -40 
 2.65366  5.89717 -40 
 2.76723  5.95 -40 
 2.78415  5.95773 -40 
 2.91463  6.01641 -40 
 3.04512  6.0749 -40 
 3.10177  6.1 -40 
 3.17561  6.13211 -40 
 3.3061  6.18825 -40 
 3.43659  6.24413 -40 
 3.45054  6.25 -40 
 3.56707  6.29809 -40 
 3.69756  6.35152 -40 
 3.81689  6.4 -40 
 3.82805  6.40445 -40 
 3.95854  6.4554 -40 
 4.08902  6.50594 -40 
 4.204  6.55 -40 
 4.21951  6.55583 -40 
 4.35  6.60379 -40 
 4.48049  6.65124 -40 
 4.61098  6.69814 -40 
 4.61628  6.7 -40 
 4.74146  6.74297 -40 
 4.87195  6.78712 -40 
 5.00244  6.83063 -40 
 5.06194  6.85 -40 
 5.13293  6.87266 -40 
 5.26341  6.9133 -40 
 5.3939  6.95318 -40 
 5.52439  6.99227 -40 
 5.55108  7 -40 
 5.65488  7.02945 -40 
 5.78537  7.06548 -40 
 5.91585  7.10058 -40 
 6.04634  7.13471 -40 
 6.10714  7.15 -40 
 6.17683  7.16717 -40 
 6.30732  7.19802 -40 
 6.4378  7.22775 -40 
 6.56829  7.2563 -40 
 6.69878  7.28362 -40 
 6.78143  7.3 -40 
 6.82927  7.30928 -40 
 6.95976  7.33297 -40 
 7.09024  7.35526 -40 
 7.22073  7.37605 -40 
 7.35122  7.39527 -40 
 7.48171  7.41285 -40 
 7.6122  7.42868 -40 
 7.74268  7.44266 -40 
 7.82273  7.45 -40 
 7.87317  7.45451 -40 
 8.00366  7.46407 -40 
 8.13415  7.47153 -40 
 8.26463  7.47676 -40 
 8.39512  7.47964 -40 
 8.52561  7.48002 -40 


# Contour 3, label:      -60
 11.0049  2.22759 -60 
 10.9819  2.2 -60 
 10.8744  2.07442 -60 
 10.8535  2.05 -60 
 10.7439  1.92479 -60 
 10.7223  1.9 -60 
 10.6134  1.77842 -60 
 10.588  1.75 -60 
 10.4829  1.63509 -60 
 10.4509  1.6 -60 
 10.3524  1.49458 -60 
 10.3109  1.45 -60 
 10.222  1.3567 -60 
 10.168  1.3 -60 
 10.0915  1.22128 -60 
 10.0223  1.15 -60 
 9.96098  1.08815 -60 
 9.87377  1 -60 
 9.83049  0.957179 -60 
 9.72243  0.85 -60 
 9.7  0.828221 -60 
 9.56951  0.701198 -60 
 9.56828  0.7 -60 
 9.43902  0.576817 -60 
 9.41096  0.55 -60 
 9.30854  0.454133 -60 
 9.25085  0.4 -60 
 9.17805  0.333047 -60 
 9.08798  0.25 -60 
 9.04756  0.213464 -60 
 8.92236  0.1 -60 
 8.91707  0.0952991 -60 
 8.78659 -0.0205508 -60 
 8.75348 -0.05 -60 
 8.6561 -0.134973 -60 
 8.58176 -0.2 -60 
 8.52561 -0.248204 -60 
 8.40732 -0.35 -60 
 8.39512 -0.360307 -60 
 8.26463 -0.470402 -60 
 8.2296 -0.5 -60 
 8.13415 -0.579157 -60 
 8.04894 -0.65 -60 
 8.00366 -0.68697 -60 
 7.87317 -0.793696 -60 
 7.86545 -0.8 -60 
 7.74268 -0.898388 -60 
 7.67845 -0.95 -60 
 7.6122 -1.0023 -60 
 7.48875 -1.1 -60 
 7.48171 -1.10548 -60 
 7.35122 -1.20665 -60 
 7.29542 -1.25 -60 
 7.22073 -1.30702 -60 
 7.09926 -1.4 -60 
 7.09024 -1.40679 -60 
 6.95976 -1.50464 -60 
 6.89938 -1.55 -60 
 6.82927 -1.60178 -60 
 6.69878 -1.69839 -60 
 6.6966 -1.7 -60 
 6.56829 -1.793 -60 
 6.48985 -1.85 -60 
 6.4378 -1.8872 -60 
 6.30732 -1.98046 -60 
 6.27992 -2 -60 

 8.39512  8.75507 -60 
 8.52561  8.774 -60 
 8.6561  8.79156 -60 
 8.72494  8.8 -60 
 8.78659  8.80742 -60 
 8.91707  8.82154 -60 
 9.04756  8.83412 -60 
 9.17805  8.8451 -60 
 9.30854  8.8544 -60 
 9.43902  8.86195 -60 
 9.56951  8.86765 -60 
 9.7  8.87143 -60 
 9.83049  8.87318 -60 
 9.96098  8.8728 -60 
 10.0915  8.87019 -60 
 10.222  8.86522 -60 
 10.3524  8.85778 -60 
 10.4829  8.84772 -60 
 10.6134  8.83492 -60 
 10.7439  8.8192 -60 
 10.8744  8.80041 -60 
 10.8769  8.8 -60 
 11.0049  8.77737 -60 
 11.1354  8.75065 -60 
 11.2659  8.72006 -60 
 11.3963  8.68533 -60 
 11.5144  8.65 -60 
 11.5268  8.646 -60 
 11.6573  8.59977 -60 
 11.7878  8.54811 -60 
 11.8974  8.5 -60 
 11.9183  8.49005 -60 
 12.0488  8.42228 -60 
 12.1743  8.35 -60 
 12.1793  8.34688 -60 
 12.3098  8.25771 -60 
 12.3868  8.2 -60 
 12.4402  8.15549 -60 
 12.5565  8.05 -60 
 12.5707  8.03549 -60 
 12.6933  7.9 -60 
 12.7012  7.88995 -60 
 12.804  7.75 -60 
 12.8317  7.70576 -60 
 12.8937  7.6 -60 
 12.9622  7.459 -60 
 12.9663  7.45 -60 
 13.0229  7.3 -60 
 13.0668  7.15 -60 
 13.0927  7.03054 -60 
 13.0989  7 -60 
 13.1202  6.85 -60 
 13.132  6.7 -60 
 13.1351  6.55 -60 
 13.1303  6.4 -60 
 13.1181  6.25 -60 
 13.0991  6.1 -60 
 13.0927  6.06272 -60 
 13.0733  5.95 -60 
 13.0415  5.8 -60 
 13.004  5.65 -60 
 12.9622  5.50275 -60 
 12.9614  5.5 -60 
 12.913  5.35 -60 
 12.8601  5.2 -60 
 12.8317  5.12632 -60 
 12.8024  5.05 -60 
 12.7401  4.9 -60 
 12.7012  4.81259 -60 
 12.6735  4.75 -60 
 12.6026  4.6 -60 
 12.5707  4.53625 -60 
 12.5277  4.45 -60 
 12.4491  4.3 -60 
 12.4402  4.2841 -60 
 12.3662  4.15 -60 
 12.3098  4.05199 -60 
 12.2799  4 -60 
 12.19  3.85 -60 
 12.1793  3.83279 -60 
 12.0964  3.7 -60 
 12.0488  3.6265 -60 
 11.9994  3.55 -60 
 11.9183  3.42865 -60 
 11.8992  3.4 -60 
 11.7956  3.25 -60 
 11.7878  3.23906 -60 
 11.6886  3.1 -60 
 11.6573  3.05747 -60 
 11.5785  2.95 -60 
 11.5268  2.8817 -60 
 11.4652  2.8 -60 
 11.3963  2.71124 -60 
 11.3489  2.65 -60 
 11.2659  2.54566 -60 
 11.2296  2.5 -60 
 11.1354  2.38456 -60 
 11.1072  2.35 -60 
 11.0049  2.22759 -60 

-1  4.8615 -60 
-0.940012  4.9 -60 
-0.869512  4.94454 -60 
-0.739024  5.02692 -60 
-0.702337  5.05 -60 
-0.608537  5.10808 -60 
-0.478049  5.18899 -60 
-0.460179  5.2 -60 
-0.347561  5.26834 -60 
-0.217073  5.34773 -60 
-0.213309  5.35 -60 
-0.0865854  5.42534 -60 
 0.0386271  5.5 -60 
 0.0439024  5.5031 -60 
 0.17439  5.57911 -60 
 0.295758  5.65 -60 
 0.304878  5.65525 -60 
 0.435366  5.7297 -60 
 0.55828  5.8 -60 
 0.565854  5.80427 -60 
 0.696341  5.87714 -60 
 0.826483  5.95 -60 
 0.826829  5.95019 -60 
 0.957317  6.02145 -60 
 1.0878  6.09286 -60 
 1.10096  6.1 -60 
 1.21829  6.16268 -60 
 1.34878  6.23242 -60 
 1.38193  6.25 -60 
 1.47927  6.30085 -60 
 1.60976  6.36889 -60 
 1.66975  6.4 -60 
 1.74024  6.436 -60 
 1.87073  6.50232 -60 
 1.96483  6.55 -60 
 2.00122  6.56816 -60 
 2.13171  6.63273 -60 
 2.2622  6.69728 -60 
 2.26775  6.7 -60 
 2.39268  6.76016 -60 
 2.52317  6.8229 -60 
 2.57996  6.85 -60 
 2.65366  6.88463 -60 
 2.78415  6.94555 -60 
 2.90114  7 -60 
 2.91463  7.00619 -60 
 3.04512  7.06525 -60 
 3.17561  7.12416 -60 
 3.23337  7.15 -60 
 3.3061  7.18204 -60 
 3.43659  7.23904 -60 
 3.56707  7.29584 -60 
 3.57678  7.3 -60 
 3.69756  7.35101 -60 
 3.82805  7.40583 -60 
 3.93393  7.45 -60 
 3.95854  7.46011 -60 
 4.08902  7.51292 -60 
 4.21951  7.56544 -60 
 4.30626  7.6 -60 
 4.35  7.61716 -60 
 4.48049  7.6676 -60 
 4.61098  7.71769 -60 
 4.69616  7.75 -60 
 4.74146  7.76692 -60 
 4.87195  7.81487 -60 
 5.00244  7.86239 -60 
 5.10694  7.9 -60 
 5.13293  7.90921 -60 
 5.26341  7.95452 -60 
 5.3939  7.99934 -60 
 5.52439  8.04365 -60 
 5.54352  8.05 -60 
 5.65488  8.08637 -60 
 5.78537  8.12834 -60 
 5.91585  8.16973 -60 
 6.01303  8.2 -60 
 6.04634  8.21021 -60 
 6.17683  8.24919 -60 
 6.30732  8.2875 -60 
 6.4378  8.32511 -60 
 6.52621  8.35 -60 
 6.56829  8.36165 -60 
 6.69878  8.39672 -60 
 6.82927  8.431 -60 
 6.95976  8.46447 -60 
 7.09024  8.49708 -60 
 7.10238  8.5 -60 
 7.22073  8.52794 -60 
 7.35122  8.5578 -60 
 7.48171  8.5867 -60 
 7.6122  8.61461 -60 
 7.74268  8.64148 -60 
 7.78621  8.65 -60 
 7.87317  8.66673 -60 
 8.00366  8.6906 -60 
 8.13415  8.71332 -60 
 8.26463  8.73482 -60 
 8.39512  8.75507 -60 


# Contour 4, label:      -80
 8.52137 -1.25 -80 
 8.39512 -1.34956 -80 
 8.33131 -1.4 -80 
 8.26463 -1.4519 -80 
 8.1389 -1.55 -80 
 8.13415 -1.55365 -80 
 8.00366 -1.65363 -80 
 7.94325 -1.7 -80 
 7.87317 -1.753 -80 
 7.74518 -1.85 -80 
 7.74268 -1.85187 -80 
 7.6122 -1.94897 -80 
 7.54376 -2 -80 

 14.6585  6.36175 -80 
 14.628  6.25 -80 
 14.5824  6.1 -80 
 14.5327  5.95 -80 
 14.528  5.93728 -80 
 14.4783  5.8 -80 
 14.4201  5.65 -80 
 14.3976  5.59568 -80 
 14.3579  5.5 -80 
 14.292  5.35 -80 
 14.2671  5.29654 -80 
 14.2222  5.2 -80 
 14.1491  5.05 -80 
 14.1366  5.02556 -80 
 14.0723  4.9 -80 
 14.0061  4.7759 -80 
 13.9923  4.75 -80 
 13.9088  4.6 -80 
 13.8756  4.54257 -80 
 13.8222  4.45 -80 
 13.7451  4.32103 -80 
 13.7326  4.3 -80 
 13.6397  4.15 -80 
 13.6146  4.11089 -80 
 13.5438  4 -80 
 13.4841  3.90955 -80 
 13.445  3.85 -80 
 13.3537  3.71515 -80 
 13.3434  3.7 -80 
 13.2388  3.55 -80 
 13.2232  3.52819 -80 
 13.1313  3.4 -80 
 13.0927  3.34744 -80 
 13.0212  3.25 -80 
 12.9622  3.17172 -80 
 12.9083  3.1 -80 
 12.8317  3.00067 -80 
 12.7927  2.95 -80 
 12.7012  2.83393 -80 
 12.6745  2.8 -80 
 12.5707  2.6712 -80 
 12.5537  2.65 -80 
 12.4402  2.51221 -80 
 12.4302  2.5 -80 
 12.3098  2.35668 -80 
 12.3041  2.35 -80 
 12.1793  2.20441 -80 
 12.1755  2.2 -80 
 12.0488  2.05516 -80 
 12.0443  2.05 -80 
 11.9183  1.90876 -80 
 11.9105  1.9 -80 
 11.7878  1.76502 -80 
 11.7742  1.75 -80 
 11.6573  1.62377 -80 
 11.6354  1.6 -80 
 11.5268  1.48488 -80 
 11.494  1.45 -80 
 11.3963  1.3482 -80 
 11.3502  1.3 -80 
 11.2659  1.21359 -80 
 11.2039  1.15 -80 
 11.1354  1.08096 -80 
 11.0552  1 -80 
 11.0049  0.950181 -80 
 10.904  0.85 -80 
 10.8744  0.821157 -80 
 10.7504  0.7 -80 
 10.7439  0.693795 -80 
 10.6134  0.568582 -80 
 10.5941  0.55 -80 
 10.4829  0.445084 -80 
 10.4353  0.4 -80 
 10.3524  0.323018 -80 
 10.274  0.25 -80 
 10.222  0.20231 -80 
 10.1104  0.1 -80 
 10.0915  0.0828917 -80 
 9.96098 -0.0348561 -80 
 9.9442 -0.05 -80 
 9.83049 -0.15091 -80 
 9.77529 -0.2 -80 
 9.7 -0.265854 -80 
 9.604 -0.35 -80 
 9.56951 -0.379742 -80 
 9.43902 -0.492411 -80 
 9.43023 -0.5 -80 
 9.30854 -0.60325 -80 
 9.25356 -0.65 -80 
 9.17805 -0.713184 -80 
 9.07453 -0.8 -80 
 9.04756 -0.822258 -80 
 8.91707 -0.929962 -80 
 8.89279 -0.95 -80 
 8.78659 -1.03626 -80 
 8.70829 -1.1 -80 
 8.6561 -1.14183 -80 
 8.52561 -1.24661 -80 
 8.52137 -1.25 -80 

 4.74146  8.62517 -80 
 4.61098  8.57367 -80 
 4.48049  8.52188 -80 
 4.42596  8.5 -80 
 4.35  8.4691 -80 
 4.21951  8.41554 -80 
 4.08902  8.36174 -80 
 4.0609  8.35 -80 
 3.95854  8.3067 -80 
 3.82805  8.25118 -80 
 3.70831  8.2 -80 
 3.69756  8.19535 -80 
 3.56707  8.13811 -80 
 3.43659  8.08071 -80 
 3.36728  8.05 -80 
 3.3061  8.02252 -80 
 3.17561  7.96346 -80 
 3.04512  7.90428 -80 
 3.0358  7.9 -80 
 2.91463  7.84368 -80 
 2.78415  7.78288 -80 
 2.714  7.75 -80 
 2.65366  7.72134 -80 
 2.52317  7.65894 -80 
 2.40007  7.6 -80 
 2.39268  7.59641 -80 
 2.2622  7.53244 -80 
 2.13171  7.46845 -80 
 2.09437  7.45 -80 
 2.00122  7.40336 -80 
 1.87073  7.33783 -80 
 1.79571  7.3 -80 
 1.74024  7.27166 -80 
 1.60976  7.20462 -80 
 1.50358  7.15 -80 
 1.47927  7.13733 -80 
 1.34878  7.06879 -80 
 1.21829  7.00033 -80 
 1.21768  7 -80 
 1.0878  6.93032 -80 
 0.957317  6.86041 -80 
 0.938028  6.85 -80 
 0.826829  6.78919 -80 
 0.696341  6.71785 -80 
 0.663892  6.7 -80 
 0.565854  6.64536 -80 
 0.435366  6.57261 -80 
 0.395011  6.55 -80 
 0.304878  6.49882 -80 
 0.17439  6.42468 -80 
 0.131147  6.4 -80 
 0.0439024  6.34954 -80 
-0.0865854  6.27403 -80 
-0.127928  6.25 -80 
-0.217073  6.19749 -80 
-0.347561  6.12063 -80 
-0.382424  6.1 -80 
-0.478049  6.04266 -80 
-0.608537  5.96446 -80 
-0.632542  5.95 -80 
-0.739024  5.885 -80 
-0.869512  5.80549 -80 
-0.878471  5.8 -80 
-1  5.7245 -80 

 14.6585  8.29632 -80 
 14.6392  8.35 -80 
 14.5741  8.5 -80 
 14.528  8.58938 -80 
 14.495  8.65 -80 
 14.4  8.8 -80 
 14.3976  8.80335 -80 
 14.2854  8.95 -80 
 14.2671  8.9712 -80 
 14.1483  9.1 -80 
 14.1366  9.11139 -80 
 14.0061  9.23034 -80 
 13.983  9.25 -80 
 13.8756  9.33299 -80 
 13.7818  9.4 -80 
 13.7451  9.42403 -80 
 13.6146  9.50366 -80 
 13.5322  9.55 -80 
 13.4841  9.575 -80 
 13.3537  9.63794 -80 
 13.2232  9.69532 -80 
 13.2117  9.7 -80 
 13.0927  9.7453 -80 
 12.9622  9.79051 -80 
 12.8317  9.83142 -80 
 12.7666  9.85 -80 
 12.7012  9.86752 -80 
 12.5707  9.89922 -80 
 12.4402  9.92751 -80 
 12.3098  9.95256 -80 
 12.1793  9.97453 -80 
 12.0488  9.99359 -80 
 11.998  10 -80 
 11.9183  10.0095 -80 
 11.7878  10.0227 -80 
 11.6573  10.0334 -80 
 11.5268  10.0419 -80 
 11.3963  10.0481 -80 
 11.2659  10.0523 -80 
 11.1354  10.0544 -80 
 11.0049  10.0547 -80 
 10.8744  10.0531 -80 
 10.7439  10.0497 -80 
 10.6134  10.0446 -80 
 10.4829  10.0379 -80 
 10.3524  10.0296 -80 
 10.222  10.0199 -80 
 10.0915  10.0087 -80 
 10.0018  10 -80 
 9.96098  9.99598 -80 
 9.83049  9.98165 -80 
 9.7  9.96601 -80 
 9.56951  9.94911 -80 
 9.43902  9.931 -80 
 9.30854  9.91173 -80 
 9.17805  9.89133 -80 
 9.04756  9.86984 -80 
 8.93279  9.85 -80 
 8.91707  9.84724 -80 
 8.78659  9.82305 -80 
 8.6561  9.79787 -80 
 8.52561  9.77175 -80 
 8.39512  9.74471 -80 
 8.26463  9.71679 -80 
 8.18885  9.7 -80 
 8.13415  9.68769 -80 
 8.00366  9.65731 -80 
 7.87317  9.62612 -80 
 7.74268  9.59417 -80 
 7.6122  9.56146 -80 
 7.56777  9.55 -80 
 7.48171  9.52746 -80 
 7.35122  9.49246 -80 
 7.22073  9.45679 -80 
 7.09024  9.42047 -80 
 7.01832  9.4 -80 
 6.95976  9.38309 -80 
 6.82927  9.34458 -80 
 6.69878  9.30549 -80 
 6.56829  9.26583 -80 
 6.51725  9.25 -80 
 6.4378  9.22501 -80 
 6.30732  9.18327 -80 
 6.17683  9.14102 -80 
 6.05163  9.1 -80 
 6.04634  9.09824 -80 
 5.91585  9.05397 -80 
 5.78537  9.00925 -80 
 5.65488  8.9641 -80 
 5.61481  8.95 -80 
 5.52439  8.91775 -80 
 5.3939  8.87067 -80 
 5.26341  8.8232 -80 
 5.20046  8.8 -80 
 5.13293  8.77477 -80 
 5.00244  8.72542 -80 
 4.87195  8.67575 -80 
 4.80508  8.65 -80 
 4.74146  8.62517 -80 


# Contour 5, label:     -100
 14.6585  4.02207 -100 
 14.6436  4 -100 
 14.539  3.85 -100 
 14.528  3.83475 -100 
 14.4317  3.7 -100 
 14.3976  3.65332 -100 
 14.3221  3.55 -100 
 14.2671  3.47647 -100 
 14.21  3.4 -100 
 14.1366  3.3039 -100 
 14.0955  3.25 -100 
 14.0061  3.13532 -100 
 13.9786  3.1 -100 
 13.8756  2.97046 -100 
 13.8594  2.95 -100 
 13.7451  2.8091 -100 
 13.7378  2.8 -100 
 13.6146  2.65101 -100 
 13.6138  2.65 -100 
 13.4875  2.5 -100 
 13.4841  2.49613 -100 
 13.3588  2.35 -100 
 13.3537  2.34408 -100 
 13.2279  2.2 -100 
 13.2232  2.19465 -100 
 13.0948  2.05 -100 
 13.0927  2.0477 -100 
 12.9622  1.90321 -100 
 12.9593  1.9 -100 
 12.8317  1.76107 -100 
 12.8216  1.75 -100 
 12.7012  1.6211 -100 
 12.6816  1.6 -100 
 12.5707  1.48318 -100 
 12.5393  1.45 -100 
 12.4402  1.34719 -100 
 12.3949  1.3 -100 
 12.3098  1.21304 -100 
 12.2482  1.15 -100 
 12.1793  1.08064 -100 
 12.0993  1 -100 
 12.0488  0.949895 -100 
 11.9482  0.85 -100 
 11.9183  0.820729 -100 
 11.795  0.7 -100 
 11.7878  0.693063 -100 
 11.6573  0.567313 -100 
 11.6394  0.55 -100 
 11.5268  0.443145 -100 
 11.4815  0.4 -100 
 11.3963  0.320291 -100 
 11.3214  0.25 -100 
 11.2659  0.19869 -100 
 11.1592  0.1 -100 
 11.1354  0.0782852 -100 
 11.0049 -0.0407314 -100 
 10.9947 -0.05 -100 
 10.8744 -0.15805 -100 
 10.8278 -0.2 -100 
 10.7439 -0.274323 -100 
 10.6587 -0.35 -100 
 10.6134 -0.389599 -100 
 10.4875 -0.5 -100 
 10.4829 -0.503919 -100 
 10.3524 -0.616473 -100 
 10.3136 -0.65 -100 
 10.222 -0.728054 -100 
 10.1376 -0.8 -100 
 10.0915 -0.838802 -100 
 9.96098 -0.948722 -100 
 9.95946 -0.95 -100 
 9.83049 -1.05688 -100 
 9.77856 -1.1 -100 
 9.7 -1.16432 -100 
 9.59555 -1.25 -100 
 9.56951 -1.27106 -100 
 9.43902 -1.37657 -100 
 9.41005 -1.4 -100 
 9.30854 -1.48094 -100 
 9.22209 -1.55 -100 
 9.17805 -1.5847 -100 
 9.04756 -1.6876 -100 
 9.03181 -1.7 -100 
 8.91707 -1.78911 -100 
 8.83883 -1.85 -100 
 8.78659 -1.89011 -100 
 8.6561 -1.9904 -100 
 8.64357 -2 -100 

 4.06778  9.1 -100 
 3.95854  9.05289 -100 
 3.82805  8.99638 -100 
 3.72144  8.95 -100 
 3.69756  8.93949 -100 
 3.56707  8.88146 -100 
 3.43659  8.8233 -100 
 3.38471  8.8 -100 
 3.3061  8.76427 -100 
 3.17561  8.70464 -100 
 3.05635  8.65 -100 
 3.04512  8.64479 -100 
 2.91463  8.5837 -100 
 2.78415  8.52253 -100 
 2.73642  8.5 -100 
 2.65366  8.46047 -100 
 2.52317  8.39788 -100 
 2.42364  8.35 -100 
 2.39268  8.33493 -100 
 2.2622  8.27093 -100 
 2.13171  8.20691 -100 
 2.11774  8.2 -100 
 2.00122  8.14166 -100 
 1.87073  8.07627 -100 
 1.81858  8.05 -100 
 1.74024  8.01006 -100 
 1.60976  7.94332 -100 
 1.52531  7.9 -100 
 1.47927  7.8761 -100 
 1.34878  7.80802 -100 
 1.23765  7.75 -100 
 1.21829  7.73977 -100 
 1.0878  7.67036 -100 
 0.957317  7.60102 -100 
 0.95541  7.6 -100 
 0.826829  7.53032 -100 
 0.696341  7.45969 -100 
 0.678546  7.45 -100 
 0.565854  7.38788 -100 
 0.435366  7.31598 -100 
 0.406517  7.3 -100 
 0.304878  7.24302 -100 
 0.17439  7.16986 -100 
 0.139124  7.15 -100 
 0.0439024  7.09572 -100 
-0.0865854  7.02132 -100 
-0.123825  7 -100 
-0.217073  6.94596 -100 
-0.347561  6.87034 -100 
-0.382506  6.85 -100 
-0.478049  6.79372 -100 
-0.608537  6.71689 -100 
-0.637091  6.7 -100 
-0.739024  6.63898 -100 
-0.869512  6.56095 -100 
-0.88774  6.55 -100 
-1  6.48172 -100 

 14.6585  10.6363 -100 
 14.528  10.6928 -100 
 14.3976  10.7448 -100 
 14.3836  10.75 -100 
 14.2671  10.7908 -100 
 14.1366  10.8326 -100 
 14.0061  10.8708 -100 
 13.8969  10.9 -100 
 13.8756  10.9054 -100 
 13.7451  10.9357 -100 
 13.6146  10.963 -100 
 13.4841  10.9874 -100 
 13.3537  11.0092 -100 
 13.2232  11.0283 -100 
 13.0927  11.0449 -100 
 13.0468  11.05 -100 
 12.9622  11.0589 -100 
 12.8317  11.0705 -100 
 12.7012  11.08 -100 
 12.5707  11.0875 -100 
 12.4402  11.0931 -100 
 12.3098  11.0968 -100 
 12.1793  11.0987 -100 
 12.0488  11.0989 -100 
 11.9183  11.0974 -100 
 11.7878  11.0944 -100 
 11.6573  11.0898 -100 
 11.5268  11.0837 -100 
 11.3963  11.0763 -100 
 11.2659  11.0674 -100 
 11.1354  11.0572 -100 
 11.0532  11.05 -100 
 11.0049  11.0457 -100 
 10.8744  11.0326 -100 
 10.7439  11.0184 -100 
 10.6134  11.003 -100 
 10.4829  10.9864 -100 
 10.3524  10.9688 -100 
 10.222  10.9501 -100 
 10.0915  10.9303 -100 
 9.96098  10.9096 -100 
 9.90355  10.9 -100 
 9.83049  10.8876 -100 
 9.7  10.8644 -100 
 9.56951  10.8404 -100 
 9.43902  10.8154 -100 
 9.30854  10.7896 -100 
 9.17805  10.7629 -100 
 9.11689  10.75 -100 
 9.04756  10.7351 -100 
 8.91707  10.7062 -100 
 8.78659  10.6766 -100 
 8.6561  10.6462 -100 
 8.52561  10.6151 -100 
 8.4638  10.6 -100 
 8.39512  10.583 -100 
 8.26463  10.5498 -100 
 8.13415  10.5159 -100 
 8.00366  10.4814 -100 
 7.88687  10.45 -100 
 7.87317  10.4463 -100 
 7.74268  10.4098 -100 
 7.6122  10.3727 -100 
 7.48171  10.3351 -100 
 7.36189  10.3 -100 
 7.35122  10.2968 -100 
 7.22073  10.2573 -100 
 7.09024  10.2172 -100 
 6.95976  10.1767 -100 
 6.87524  10.15 -100 
 6.82927  10.1353 -100 
 6.69878  10.0929 -100 
 6.56829  10.0501 -100 
 6.4378  10.0068 -100 
 6.41767  10 -100 
 6.30732  9.96229 -100 
 6.17683  9.91725 -100 
 6.04634  9.87182 -100 
 5.98448  9.85 -100 
 5.91585  9.82549 -100 
 5.78537  9.77833 -100 
 5.65488  9.73083 -100 
 5.57105  9.7 -100 
 5.52439  9.68263 -100 
 5.3939  9.63343 -100 
 5.26341  9.58394 -100 
 5.17471  9.55 -100 
 5.13293  9.53382 -100 
 5.00244  9.48268 -100 
 4.87195  9.43128 -100 
 4.79323  9.4 -100 
 4.74146  9.37918 -100 
 4.61098  9.32618 -100 
 4.48049  9.27294 -100 
 4.42477  9.25 -100 
 4.35  9.21884 -100 
 4.21951  9.16404 -100 
 4.08902  9.10905 -100 
 4.06778  9.1 -100 


# Contour 6, label:     -120
 14.6585  2.75373 -120 
 14.5713  2.65 -120 
 14.528  2.59959 -120 
 14.4429  2.5 -120 
 14.3976  2.44799 -120 
 14.3124  2.35 -120 
 14.2671  2.2988 -120 
 14.1798  2.2 -120 
 14.1366  2.1519 -120 
 14.0452  2.05 -120 
 14.0061  2.00717 -120 
 13.9085  1.9 -120 
 13.8756  1.8645 -120 
 13.7698  1.75 -120 
 13.7451  1.7238 -120 
 13.629  1.6 -120 
 13.6146  1.58496 -120 
 13.4862  1.45 -120 
 13.4841  1.4479 -120 
 13.3537  1.31289 -120 
 13.3412  1.3 -120 
 13.2232  1.17959 -120 
 13.1942  1.15 -120 
 13.0927  1.04787 -120 
 13.0452  1 -120 
 12.9622  0.917646 -120 
 12.8942  0.85 -120 
 12.8317  0.788857 -120 
 12.7411  0.7 -120 
 12.7012  0.661438 -120 
 12.5861  0.55 -120 
 12.5707  0.535329 -120 
 12.4402  0.410748 -120 
 12.429  0.4 -120 
 12.3098  0.287767 -120 
 12.2697  0.25 -120 
 12.1793  0.165946 -120 
 12.1084  0.1 -120 
 12.0488  0.0452359 -120 
 11.9452 -0.05 -120 
 11.9183 -0.07441 -120 
 11.7878 -0.192862 -120 
 11.7799 -0.2 -120 
 11.6573 -0.309716 -120 
 11.6124 -0.35 -120 
 11.5268 -0.425629 -120 
 11.4429 -0.5 -120 
 11.3963 -0.540639 -120 
 11.2714 -0.65 -120 
 11.2659 -0.654783 -120 
 11.1354 -0.767334 -120 
 11.0975 -0.8 -120 
 11.0049 -0.878974 -120 
 10.9217 -0.95 -120 
 10.8744 -0.98985 -120 
 10.7439 -1.09999 -120 
 10.6134 -1.20849 -120 
 10.5636 -1.25 -120 
 10.4829 -1.31631 -120 
 10.3813 -1.4 -120 
 10.3524 -1.42349 -120 
 10.222 -1.5296 -120 
 10.1969 -1.55 -120 
 10.0915 -1.63458 -120 
 10.0101 -1.7 -120 
 9.96098 -1.73899 -120 
 9.83049 -1.8427 -120 
 9.82129 -1.85 -120 
 9.7 -1.94502 -120 
 9.62995 -2 -120 

 3.95854  9.72766 -120 
 3.89517  9.7 -120 
 3.82805  9.67038 -120 
 3.69756  9.61242 -120 
 3.56707  9.55434 -120 
 3.55741  9.55 -120 
 3.43659  9.49511 -120 
 3.3061  9.43569 -120 
 3.22812  9.4 -120 
 3.17561  9.37571 -120 
 3.04512  9.31496 -120 
 2.91463  9.25413 -120 
 2.90586  9.25 -120 
 2.78415  9.19213 -120 
 2.65366  9.13001 -120 
 2.59096  9.1 -120 
 2.52317  9.06721 -120 
 2.39268  9.00379 -120 
 2.28219  8.95 -120 
 2.2622  8.94016 -120 
 2.13171  8.87547 -120 
 2.00122  8.81076 -120 
 1.97966  8.8 -120 
 1.87073  8.74501 -120 
 1.74024  8.67907 -120 
 1.68299  8.65 -120 
 1.60976  8.61242 -120 
 1.47927  8.54524 -120 
 1.39159  8.5 -120 
 1.34878  8.47767 -120 
 1.21829  8.40927 -120 
 1.10527  8.35 -120 
 1.0878  8.34074 -120 
 0.957317  8.27113 -120 
 0.826829  8.20159 -120 
 0.823866  8.2 -120 
 0.696341  8.13081 -120 
 0.565854  8.0601 -120 
 0.547328  8.05 -120 
 0.435366  7.9883 -120 
 0.304878  7.91642 -120 
 0.27521  7.9 -120 
 0.17439  7.84358 -120 
 0.0439024  7.77055 -120 
 0.00734217  7.75 -120 
-0.0865854  7.69663 -120 
-0.217073  7.62246 -120 
-0.256433  7.6 -120 
-0.347561  7.54743 -120 
-0.478049  7.47214 -120 
-0.516269  7.45 -120 
-0.608537  7.39597 -120 
-0.739024  7.31956 -120 
-0.772308  7.3 -120 
-0.869512  7.24223 -120 
-1  7.16472 -120 

 14.6585  11.9048 -120 
 14.528  11.9287 -120 
 14.3982  11.95 -120 
 14.3976  11.9501 -120 
 14.2671  11.9685 -120 
 14.1366  11.9848 -120 
 14.0061  11.9989 -120 
 13.8756  12.011 -120 
 13.7451  12.0211 -120 
 13.6146  12.0293 -120 
 13.4841  12.0358 -120 
 13.3537  12.0404 -120 
 13.2232  12.0434 -120 
 13.0927  12.0448 -120 
 12.9622  12.0446 -120 
 12.8317  12.0429 -120 
 12.7012  12.0397 -120 
 12.5707  12.0351 -120 
 12.4402  12.0291 -120 
 12.3098  12.0219 -120 
 12.1793  12.0133 -120 
 12.0488  12.0035 -120 
 11.9183  11.9926 -120 
 11.7878  11.9805 -120 
 11.6573  11.9672 -120 
 11.5268  11.9529 -120 
 11.5026  11.95 -120 
 11.3963  11.9372 -120 
 11.2659  11.9204 -120 
 11.1354  11.9026 -120 
 11.0049  11.8839 -120 
 10.8744  11.8642 -120 
 10.7439  11.8435 -120 
 10.6134  11.822 -120 
 10.4849  11.8 -120 
 10.4829  11.7997 -120 
 10.3524  11.7759 -120 
 10.222  11.7514 -120 
 10.0915  11.726 -120 
 9.96098  11.6999 -120 
 9.83049  11.673 -120 
 9.72167  11.65 -120 
 9.7  11.6454 -120 
 9.56951  11.6164 -120 
 9.43902  11.5868 -120 
 9.30854  11.5565 -120 
 9.17805  11.5256 -120 
 9.07256  11.5 -120 
 9.04756  11.4939 -120 
 8.91707  11.461 -120 
 8.78659  11.4275 -120 
 8.6561  11.3934 -120 
 8.52561  11.3588 -120 
 8.49328  11.35 -120 
 8.39512  11.323 -120 
 8.26463  11.2866 -120 
 8.13415  11.2496 -120 
 8.00366  11.2121 -120 
 7.96251  11.2 -120 
 7.87317  11.1735 -120 
 7.74268  11.1343 -120 
 7.6122  11.0945 -120 
 7.48171  11.0543 -120 
 7.46787  11.05 -120 
 7.35122  11.013 -120 
 7.22073  10.9711 -120 
 7.09024  10.9288 -120 
 7.00242  10.9 -120 
 6.95976  10.8858 -120 
 6.82927  10.8419 -120 
 6.69878  10.7976 -120 
 6.56829  10.7529 -120 
 6.55996  10.75 -120 
 6.4378  10.707 -120 
 6.30732  10.6607 -120 
 6.17683  10.6141 -120 
 6.13773  10.6 -120 
 6.04634  10.5666 -120 
 5.91585  10.5184 -120 
 5.78537  10.47 -120 
 5.73219  10.45 -120 
 5.65488  10.4207 -120 
 5.52439  10.3707 -120 
 5.3939  10.3204 -120 
 5.34132  10.3 -120 
 5.26341  10.2694 -120 
 5.13293  10.2176 -120 
 5.00244  10.1657 -120 
 4.96341  10.15 -120 
 4.87195  10.1128 -120 
 4.74146  10.0594 -120 
 4.61098  10.0058 -120 
 4.597  10 -120 
 4.48049  9.95107 -120 
 4.35  9.89605 -120 
 4.24128  9.85 -120 
 4.21951  9.84068 -120 
 4.08902  9.78424 -120 
 3.95854  9.72766 -120 


# Contour 7, label:     -140
 14.6585  1.76707 -140 
 14.6427  1.75 -140 
 14.528  1.62855 -140 
 14.5011  1.6 -140 
 14.3976  1.49171 -140 
 14.3577  1.45 -140 
 14.2671  1.35647 -140 
 14.2124  1.3 -140 
 14.1366  1.22276 -140 
 14.0653  1.15 -140 
 14.0061  1.09052 -140 
 13.9162  1 -140 
 13.8756  0.959674 -140 
 13.7653  0.85 -140 
 13.7451  0.830173 -140 
 13.6146  0.70201 -140 
 13.6126  0.7 -140 
 13.4841  0.575598 -140 
 13.4578  0.55 -140 
 13.3537  0.450386 -140 
 13.3011  0.4 -140 
 13.2232  0.326326 -140 
 13.1426  0.25 -140 
 13.0927  0.203371 -140 
 12.9822  0.1 -140 
 12.9622  0.0814777 -140 
 12.8317 -0.0391459 -140 
 12.82 -0.05 -140 
 12.7012 -0.158343 -140 
 12.6556 -0.2 -140 
 12.5707 -0.276592 -140 
 12.4895 -0.35 -140 
 12.4402 -0.393929 -140 
 12.3215 -0.5 -140 
 12.3098 -0.510389 -140 
 12.1793 -0.625464 -140 
 12.1515 -0.65 -140 
 12.0488 -0.739491 -140 
 11.9795 -0.8 -140 
 11.9183 -0.852736 -140 
 11.8057 -0.95 -140 
 11.7878 -0.965228 -140 
 11.6573 -1.07649 -140 
 11.6298 -1.1 -140 
 11.5268 -1.18672 -140 
 11.4519 -1.25 -140 
 11.3963 -1.29628 -140 
 11.2722 -1.4 -140 
 11.2659 -1.4052 -140 
 11.1354 -1.51272 -140 
 11.0902 -1.55 -140 
 11.0049 -1.61953 -140 
 10.9063 -1.7 -140 
 10.8744 -1.72577 -140 
 10.7439 -1.83107 -140 
 10.7204 -1.85 -140 
 10.6134 -1.93531 -140 
 10.5324 -2 -140 

 4.08902  10.4054 -140 
 3.95854  10.348 -140 
 3.84965  10.3 -140 
 3.82805  10.2904 -140 
 3.69756  10.2317 -140 
 3.56707  10.173 -140 
 3.51629  10.15 -140 
 3.43659  10.1135 -140 
 3.3061  10.0535 -140 
 3.18986  10 -140 
 3.17561  9.99337 -140 
 3.04512  9.93216 -140 
 2.91463  9.87089 -140 
 2.87042  9.85 -140 
 2.78415  9.80883 -140 
 2.65366  9.74635 -140 
 2.55711  9.7 -140 
 2.52317  9.68354 -140 
 2.39268  9.61987 -140 
 2.2622  9.55617 -140 
 2.24964  9.55 -140 
 2.13171  9.49143 -140 
 2.00122  9.42656 -140 
 1.94802  9.4 -140 
 1.87073  9.36101 -140 
 1.74024  9.29499 -140 
 1.65152  9.25 -140 
 1.60976  9.22861 -140 
 1.47927  9.16144 -140 
 1.35994  9.1 -140 
 1.34878  9.0942 -140 
 1.21829  9.02589 -140 
 1.0878  8.95763 -140 
 1.0733  8.95 -140 
 0.957317  8.88834 -140 
 0.826829  8.81897 -140 
 0.791303  8.8 -140 
 0.696341  8.74877 -140 
 0.565854  8.6783 -140 
 0.513621  8.65 -140 
 0.435366  8.60716 -140 
 0.304878  8.53561 -140 
 0.2401  8.5 -140 
 0.17439  8.46351 -140 
 0.0439024  8.39088 -140 
-0.0294087  8.35 -140 
-0.0865854  8.31779 -140 
-0.217073  8.2441 -140 
-0.295046  8.2 -140 
-0.347561  8.17 -140 
-0.478049  8.09525 -140 
-0.556947  8.05 -140 
-0.608537  8.02011 -140 
-0.739024  7.94432 -140 
-0.815239  7.9 -140 
-0.869512  7.86812 -140 
-1  7.79129 -140 

 14.6585  12.8913 -140 
 14.528  12.8994 -140 
 14.3976  12.9058 -140 
 14.2671  12.9106 -140 
 14.1366  12.9138 -140 
 14.0061  12.9156 -140 
 13.8756  12.9158 -140 
 13.7451  12.9147 -140 
 13.6146  12.9122 -140 
 13.4841  12.9084 -140 
 13.3537  12.9033 -140 
 13.2232  12.8969 -140 
 13.0927  12.8893 -140 
 12.9622  12.8806 -140 
 12.8317  12.8708 -140 
 12.7012  12.8598 -140 
 12.595  12.85 -140 
 12.5707  12.8477 -140 
 12.4402  12.8344 -140 
 12.3098  12.82 -140 
 12.1793  12.8046 -140 
 12.0488  12.7883 -140 
 11.9183  12.771 -140 
 11.7878  12.7528 -140 
 11.6573  12.7337 -140 
 11.5268  12.7138 -140 
 11.4403  12.7 -140 
 11.3963  12.6929 -140 
 11.2659  12.6709 -140 
 11.1354  12.648 -140 
 11.0049  12.6244 -140 
 10.8744  12.6 -140 
 10.7439  12.5749 -140 
 10.6179  12.55 -140 
 10.6134  12.5491 -140 
 10.4829  12.522 -140 
 10.3524  12.4943 -140 
 10.222  12.4659 -140 
 10.0915  12.4368 -140 
 9.96098  12.4071 -140 
 9.93057  12.4 -140 
 9.83049  12.3763 -140 
 9.7  12.3448 -140 
 9.56951  12.3127 -140 
 9.43902  12.28 -140 
 9.32113  12.25 -140 
 9.30854  12.2468 -140 
 9.17805  12.2123 -140 
 9.04756  12.1774 -140 
 8.91707  12.1419 -140 
 8.78659  12.1059 -140 
 8.76552  12.1 -140 
 8.6561  12.0689 -140 
 8.52561  12.0312 -140 
 8.39512  11.9931 -140 
 8.26463  11.9546 -140 
 8.24939  11.95 -140 
 8.13415  11.9149 -140 
 8.00366  11.8748 -140 
 7.87317  11.8342 -140 
 7.76436  11.8 -140 
 7.74268  11.7931 -140 
 7.6122  11.751 -140 
 7.48171  11.7084 -140 
 7.35122  11.6655 -140 
 7.30457  11.65 -140 
 7.22073  11.6218 -140 
 7.09024  11.5774 -140 
 6.95976  11.5326 -140 
 6.86559  11.5 -140 
 6.82927  11.4873 -140 
 6.69878  11.4411 -140 
 6.56829  11.3945 -140 
 6.44435  11.35 -140 
 6.4378  11.3476 -140 
 6.30732  11.2996 -140 
 6.17683  11.2513 -140 
 6.04634  11.2028 -140 
 6.03891  11.2 -140 
 5.91585  11.1532 -140 
 5.78537  11.1032 -140 
 5.65488  11.053 -140 
 5.64715  11.05 -140 
 5.52439  11.0017 -140 
 5.3939  10.9502 -140 
 5.26754  10.9 -140 
 5.26341  10.8983 -140 
 5.13293  10.8454 -140 
 5.00244  10.7923 -140 
 4.89911  10.75 -140 
 4.87195  10.7388 -140 
 4.74146  10.6843 -140 
 4.61098  10.6297 -140 
 4.54055  10.6 -140 
 4.48049  10.5744 -140 
 4.35  10.5185 -140 
 4.21951  10.4624 -140 
 4.1909  10.45 -140 
 4.08902  10.4054 -140 


# Contour 8, label:     -160
 14.6585  0.931239 -160 
 14.5769  0.85 -160 
 14.528  0.802051 -160 
 14.4243  0.7 -160 
 14.3976  0.674066 -160 
 14.27  0.55 -160 
 14.2671  0.547239 -160 
 14.1366  0.422015 -160 
 14.1137  0.4 -160 
 14.0061  0.297938 -160 
 13.9556  0.25 -160 
 13.8756  0.174903 -160 
 13.7959  0.1 -160 
 13.7451  0.0528704 -160 
 13.6345 -0.05 -160 
 13.6146 -0.0681953 -160 
 13.4841 -0.188075 -160 
 13.4712 -0.2 -160 
 13.3537 -0.30665 -160 
 13.306 -0.35 -160 
 13.2232 -0.424357 -160 
 13.1391 -0.5 -160 
 13.0927 -0.541226 -160 
 12.9705 -0.65 -160 
 12.9622 -0.657287 -160 
 12.8317 -0.771991 -160 
 12.7999 -0.8 -160 
 12.7012 -0.885789 -160 
 12.6275 -0.95 -160 
 12.5707 -0.998861 -160 
 12.4534 -1.1 -160 
 12.4402 -1.11123 -160 
 12.3098 -1.22237 -160 
 12.2773 -1.25 -160 
 12.1793 -1.33263 -160 
 12.0994 -1.4 -160 
 12.0488 -1.44227 -160 
 11.9199 -1.55 -160 
 11.9183 -1.55129 -160 
 11.7878 -1.65893 -160 
 11.7381 -1.7 -160 
 11.6573 -1.76598 -160 
 11.5546 -1.85 -160 
 11.5268 -1.87249 -160 
 11.3963 -1.97805 -160 
 11.3692 -2 -160 

 4.21951  11.041 -160 
 4.08902  10.9834 -160 
 3.95854  10.9257 -160 
 3.90089  10.9 -160 
 3.82805  10.8673 -160 
 3.69756  10.8084 -160 
 3.56848  10.75 -160 
 3.56707  10.7494 -160 
 3.43659  10.6893 -160 
 3.3061  10.6291 -160 
 3.24322  10.6 -160 
 3.17561  10.5684 -160 
 3.04512  10.5071 -160 
 2.92378  10.45 -160 
 2.91463  10.4457 -160 
 2.78415  10.3832 -160 
 2.65366  10.3207 -160 
 2.61057  10.3 -160 
 2.52317  10.2575 -160 
 2.39268  10.1939 -160 
 2.30275  10.15 -160 
 2.2622  10.13 -160 
 2.13171  10.0653 -160 
 2.00122  10.0006 -160 
 2.00001  10 -160 
 1.87073  9.93483 -160 
 1.74024  9.86905 -160 
 1.70265  9.85 -160 
 1.60976  9.80249 -160 
 1.47927  9.73564 -160 
 1.40991  9.7 -160 
 1.34878  9.66829 -160 
 1.21829  9.60038 -160 
 1.12163  9.55 -160 
 1.0878  9.53221 -160 
 0.957317  9.46324 -160 
 0.837641  9.4 -160 
 0.826829  9.39423 -160 
 0.696341  9.32422 -160 
 0.565854  9.25428 -160 
 0.557914  9.25 -160 
 0.435366  9.18331 -160 
 0.304878  9.11235 -160 
 0.282283  9.1 -160 
 0.17439  9.04049 -160 
 0.0439024  8.96851 -160 
 0.0104701  8.95 -160 
-0.0865854  8.89574 -160 
-0.217073  8.82277 -160 
-0.257651  8.8 -160 
-0.347561  8.74907 -160 
-0.478049  8.6751 -160 
-0.522202  8.65 -160 
-0.608537  8.60044 -160 
-0.739024  8.5255 -160 
-0.783296  8.5 -160 
-0.869512  8.44986 -160 
-1  8.37395 -160 

 14.6585  13.7275 -160 
 14.528  13.7261 -160 
 14.3976  13.7235 -160 
 14.2671  13.7196 -160 
 14.1366  13.7145 -160 
 14.0061  13.7082 -160 
 13.8756  13.7008 -160 
 13.7451  13.6922 -160 
 13.6146  13.6826 -160 
 13.4841  13.6719 -160 
 13.3537  13.6603 -160 
 13.2232  13.6476 -160 
 13.0927  13.6339 -160 
 12.9622  13.6194 -160 
 12.8317  13.6039 -160 
 12.8009  13.6 -160 
 12.7012  13.5873 -160 
 12.5707  13.5697 -160 
 12.4402  13.5512 -160 
 12.3098  13.532 -160 
 12.1793  13.5119 -160 
 12.0488  13.4911 -160 
 11.9183  13.4694 -160 
 11.8051  13.45 -160 
 11.7878  13.447 -160 
 11.6573  13.4234 -160 
 11.5268  13.3992 -160 
 11.3963  13.3742 -160 
 11.2659  13.3486 -160 
 11.1354  13.3223 -160 
 11.0278  13.3 -160 
 11.0049  13.2952 -160 
 10.8744  13.2671 -160 
 10.7439  13.2384 -160 
 10.6134  13.209 -160 
 10.4829  13.1791 -160 
 10.3583  13.15 -160 
 10.3524  13.1486 -160 
 10.222  13.117 -160 
 10.0915  13.0848 -160 
 9.96098  13.0521 -160 
 9.83049  13.0188 -160 
 9.75785  13 -160 
 9.7  12.9848 -160 
 9.56951  12.95 -160 
 9.43902  12.9146 -160 
 9.30854  12.8788 -160 
 9.20514  12.85 -160 
 9.17805  12.8424 -160 
 9.04756  12.805 -160 
 8.91707  12.7671 -160 
 8.78659  12.7289 -160 
 8.68933  12.7 -160 
 8.6561  12.69 -160 
 8.52561  12.6502 -160 
 8.39512  12.6101 -160 
 8.26463  12.5695 -160 
 8.20273  12.55 -160 
 8.13415  12.5282 -160 
 8.00366  12.4861 -160 
 7.87317  12.4437 -160 
 7.74268  12.401 -160 
 7.73965  12.4 -160 
 7.6122  12.3572 -160 
 7.48171  12.313 -160 
 7.35122  12.2686 -160 
 7.29741  12.25 -160 
 7.22073  12.2233 -160 
 7.09024  12.1774 -160 
 6.95976  12.1313 -160 
 6.87214  12.1 -160 
 6.82927  12.0846 -160 
 6.69878  12.037 -160 
 6.56829  11.9892 -160 
 6.46194  11.95 -160 
 6.4378  11.941 -160 
 6.30732  11.8919 -160 
 6.17683  11.8425 -160 
 6.06517  11.8 -160 
 6.04634  11.7928 -160 
 5.91585  11.7421 -160 
 5.78537  11.6912 -160 
 5.68044  11.65 -160 
 5.65488  11.6399 -160 
 5.52439  11.5877 -160 
 5.3939  11.5353 -160 
 5.30651  11.5 -160 
 5.26341  11.4824 -160 
 5.13293  11.4288 -160 
 5.00244  11.375 -160 
 4.94235  11.35 -160 
 4.87195  11.3205 -160 
 4.74146  11.2654 -160 
 4.61098  11.2102 -160 
 4.58702  11.2 -160 
 4.48049  11.1541 -160 
 4.35  11.0977 -160 
 4.24005  11.05 -160 
 4.21951  11.041 -160 


# Contour 9, label:     -180
 14.6585  0.192389 -180 
 14.5606  0.1 -180 
 14.528  0.0696953 -180 
 14.3998 -0.05 -180 
 14.3976 -0.0520687 -180 
 14.2671 -0.172375 -180 
 14.2371 -0.2 -180 
 14.1366 -0.291767 -180 
 14.0729 -0.35 -180 
 14.0061 -0.410317 -180 
 13.907 -0.5 -180 
 13.8756 -0.528054 -180 
 13.7451 -0.644905 -180 
 13.7394 -0.65 -180 
 13.6146 -0.760424 -180 
 13.57 -0.8 -180 
 13.4841 -0.875208 -180 
 13.3989 -0.95 -180 
 13.3537 -0.989282 -180 
 13.2263 -1.1 -180 
 13.2232 -1.10267 -180 
 13.0927 -1.21472 -180 
 13.0516 -1.25 -180 
 12.9622 -1.32608 -180 
 12.8754 -1.4 -180 
 12.8317 -1.43681 -180 
 12.7012 -1.54689 -180 
 12.6975 -1.55 -180 
 12.5707 -1.65568 -180 
 12.5176 -1.7 -180 
 12.4402 -1.76391 -180 
 12.3362 -1.85 -180 
 12.3098 -1.87161 -180 
 12.1793 -1.97838 -180 
 12.1528 -2 -180 

 4.35  11.6417 -180 
 4.21951  11.5841 -180 
 4.08902  11.5264 -180 
 4.02971  11.5 -180 
 3.95854  11.4681 -180 
 3.82805  11.4092 -180 
 3.69756  11.3503 -180 
 3.69683  11.35 -180 
 3.56707  11.2904 -180 
 3.43659  11.2304 -180 
 3.37075  11.2 -180 
 3.3061  11.1699 -180 
 3.17561  11.1088 -180 
 3.05017  11.05 -180 
 3.04512  11.0476 -180 
 2.91463  10.9855 -180 
 2.78415  10.9232 -180 
 2.73561  10.9 -180 
 2.65366  10.8604 -180 
 2.52317  10.7971 -180 
 2.42615  10.75 -180 
 2.39268  10.7336 -180 
 2.2622  10.6693 -180 
 2.13171  10.605 -180 
 2.12167  10.6 -180 
 2.00122  10.5397 -180 
 1.87073  10.4744 -180 
 1.82225  10.45 -180 
 1.74024  10.4084 -180 
 1.60976  10.342 -180 
 1.52728  10.3 -180 
 1.47927  10.2753 -180 
 1.34878  10.2079 -180 
 1.2366  10.15 -180 
 1.21829  10.1405 -180 
 1.0878  10.0721 -180 
 0.957317  10.0038 -180 
 0.950168  10 -180 
 0.826829  9.93446 -180 
 0.696341  9.86516 -180 
 0.667928  9.85 -180 
 0.565854  9.79506 -180 
 0.435366  9.72478 -180 
 0.389514  9.7 -180 
 0.304878  9.65385 -180 
 0.17439  9.58261 -180 
 0.114806  9.55 -180 
 0.0439024  9.51084 -180 
-0.0865854  9.43865 -180 
-0.156314  9.4 -180 
-0.217073  9.36602 -180 
-0.347561  9.29288 -180 
-0.423957  9.25 -180 
-0.478049  9.21937 -180 
-0.608537  9.14529 -180 
-0.688232  9.1 -180 
-0.739024  9.07088 -180 
-0.869512  8.99587 -180 
-0.949241  8.95 -180 
-1  8.92053 -180 

 14.6585  14.4662 -180 
 14.528  14.4583 -180 
 14.3976  14.4493 -180 
 14.2671  14.4393 -180 
 14.1366  14.4283 -180 
 14.0061  14.4164 -180 
 13.8756  14.4035 -180 
 13.7451  14.3898 -180 
 13.6146  14.3751 -180 
 13.4841  14.3596 -180 
 13.4075  14.35 -180 
 13.3537  14.3432 -180 
 13.2232  14.3257 -180 
 13.0927  14.3074 -180 
 12.9622  14.2883 -180 
 12.8317  14.2684 -180 
 12.7012  14.2478 -180 
 12.5707  14.2265 -180 
 12.4402  14.2045 -180 
 12.4148  14.2 -180 
 12.3098  14.1814 -180 
 12.1793  14.1575 -180 
 12.0488  14.133 -180 
 11.9183  14.1079 -180 
 11.7878  14.0821 -180 
 11.6573  14.0556 -180 
 11.6302  14.05 -180 
 11.5268  14.0282 -180 
 11.3963  14.0001 -180 
 11.2659  13.9714 -180 
 11.1354  13.9422 -180 
 11.0049  13.9123 -180 
 10.9521  13.9 -180 
 10.8744  13.8817 -180 
 10.7439  13.8502 -180 
 10.6134  13.8183 -180 
 10.4829  13.7858 -180 
 10.3524  13.7529 -180 
 10.3414  13.75 -180 
 10.222  13.7189 -180 
 10.0915  13.6844 -180 
 9.96098  13.6494 -180 
 9.83049  13.614 -180 
 9.77963  13.6 -180 
 9.7  13.5778 -180 
 9.56951  13.5409 -180 
 9.43902  13.5036 -180 
 9.30854  13.4659 -180 
 9.25449  13.45 -180 
 9.17805  13.4274 -180 
 9.04756  13.3882 -180 
 8.91707  13.3486 -180 
 8.78659  13.3087 -180 
 8.7586  13.3 -180 
 8.6561  13.2679 -180 
 8.52561  13.2265 -180 
 8.39512  13.1849 -180 
 8.28697  13.15 -180 
 8.26463  13.1427 -180 
 8.13415  13.0997 -180 
 8.00366  13.0563 -180 
 7.87317  13.0126 -180 
 7.83587  13 -180 
 7.74268  12.9681 -180 
 7.6122  12.9231 -180 
 7.48171  12.8778 -180 
 7.40225  12.85 -180 
 7.35122  12.832 -180 
 7.22073  12.7854 -180 
 7.09024  12.7385 -180 
 6.98379  12.7 -180 
 6.95976  12.6912 -180 
 6.82927  12.6431 -180 
 6.69878  12.5947 -180 
 6.5789  12.55 -180 
 6.56829  12.546 -180 
 6.4378  12.4964 -180 
 6.30732  12.4465 -180 
 6.1862  12.4 -180 
 6.17683  12.3964 -180 
 6.04634  12.3453 -180 
 5.91585  12.294 -180 
 5.80451  12.25 -180 
 5.78537  12.2424 -180 
 5.65488  12.1899 -180 
 5.52439  12.1372 -180 
 5.43277  12.1 -180 
 5.3939  12.0841 -180 
 5.26341  12.0302 -180 
 5.13293  11.9762 -180 
 5.07007  11.95 -180 
 5.00244  11.9216 -180 
 4.87195  11.8664 -180 
 4.74146  11.811 -180 
 4.71561  11.8 -180 
 4.61098  11.7549 -180 
 4.48049  11.6984 -180 
 4.36897  11.65 -180 
 4.35  11.6417 -180 


# Contour 10, label:     -200
 14.6585 -0.476975 -200 
 14.6332 -0.5 -200 
 14.528 -0.594522 -200 
 14.4664 -0.65 -200 
 14.3976 -0.71132 -200 
 14.2981 -0.8 -200 
 14.2671 -0.827391 -200 
 14.1366 -0.942623 -200 
 14.1282 -0.95 -200 
 14.0061 -1.05665 -200 
 13.9565 -1.1 -200 
 13.8756 -1.17002 -200 
 13.7833 -1.25 -200 
 13.7451 -1.28276 -200 
 13.6146 -1.39477 -200 
 13.6085 -1.4 -200 
 13.4841 -1.50559 -200 
 13.4319 -1.55 -200 
 13.3537 -1.61582 -200 
 13.2537 -1.7 -200 
 13.2232 -1.7255 -200 
 13.0927 -1.83435 -200 
 13.0739 -1.85 -200 
 12.9622 -1.94222 -200 
 12.8923 -2 -200 

 4.48049  12.2131 -200 
 4.35  12.1557 -200 
 4.22366  12.1 -200 
 4.21951  12.0982 -200 
 4.08902  12.0397 -200 
 3.95854  11.9811 -200 
 3.88947  11.95 -200 
 3.82805  11.9221 -200 
 3.69756  11.8625 -200 
 3.56707  11.8028 -200 
 3.56099  11.8 -200 
 3.43659  11.7422 -200 
 3.3061  11.6815 -200 
 3.23866  11.65 -200 
 3.17561  11.6203 -200 
 3.04512  11.5586 -200 
 2.92142  11.5 -200 
 2.91463  11.4968 -200 
 2.78415  11.434 -200 
 2.65366  11.3713 -200 
 2.60969  11.35 -200 
 2.52317  11.3078 -200 
 2.39268  11.2441 -200 
 2.30271  11.2 -200 
 2.2622  11.18 -200 
 2.13171  11.1152 -200 
 2.00122  11.0505 -200 
 2.00025  11.05 -200 
 1.87073  10.9848 -200 
 1.74024  10.919 -200 
 1.70262  10.9 -200 
 1.60976  10.8526 -200 
 1.47927  10.7859 -200 
 1.40915  10.75 -200 
 1.34878  10.7188 -200 
 1.21829  10.6512 -200 
 1.11969  10.6 -200 
 1.0878  10.5833 -200 
 0.957317  10.5147 -200 
 0.834135  10.45 -200 
 0.826829  10.4461 -200 
 0.696341  10.3766 -200 
 0.565854  10.3071 -200 
 0.552515  10.3 -200 
 0.435366  10.2368 -200 
 0.304878  10.1664 -200 
 0.274594  10.15 -200 
 0.17439  10.0953 -200 
 0.0439024  10.024 -200 
 0.000172452  10 -200 
-0.0865854  9.95204 -200 
-0.217073  9.87983 -200 
-0.270853  9.85 -200 
-0.347561  9.80708 -200 
-0.478049  9.73398 -200 
-0.538584  9.7 -200 
-0.608537  9.66039 -200 
-0.739024  9.58641 -200 
-0.803116  9.55 -200 
-0.869512  9.51196 -200 
-1  9.43709 -200 

 14.6585  15.1354 -200 
 14.528  15.1227 -200 
 14.3976  15.1091 -200 
 14.3151  15.1 -200 
 14.2671  15.0946 -200 
 14.1366  15.0791 -200 
 14.0061  15.0628 -200 
 13.8756  15.0457 -200 
 13.7451  15.0278 -200 
 13.6146  15.0091 -200 
 13.4841  14.9898 -200 
 13.3537  14.9697 -200 
 13.2303  14.95 -200 
 13.2232  14.9488 -200 
 13.0927  14.927 -200 
 12.9622  14.9044 -200 
 12.8317  14.8813 -200 
 12.7012  14.8574 -200 
 12.5707  14.8329 -200 
 12.4402  14.8079 -200 
 12.4005  14.8 -200 
 12.3098  14.7819 -200 
 12.1793  14.7551 -200 
 12.0488  14.7278 -200 
 11.9183  14.7 -200 
 11.7878  14.6715 -200 
 11.6909  14.65 -200 
 11.6573  14.6425 -200 
 11.5268  14.6125 -200 
 11.3963  14.582 -200 
 11.2659  14.5509 -200 
 11.1354  14.5194 -200 
 11.0564  14.5 -200 
 11.0049  14.4872 -200 
 10.8744  14.4542 -200 
 10.7439  14.4207 -200 
 10.6134  14.3868 -200 
 10.4829  14.3524 -200 
 10.4739  14.35 -200 
 10.3524  14.3171 -200 
 10.222  14.2813 -200 
 10.0915  14.245 -200 
 9.96098  14.2084 -200 
 9.93151  14.2 -200 
 9.83049  14.1709 -200 
 9.7  14.1329 -200 
 9.56951  14.0945 -200 
 9.43902  14.0557 -200 
 9.42013  14.05 -200 
 9.30854  14.016 -200 
 9.17805  13.9759 -200 
 9.04756  13.9354 -200 
 8.93443  13.9 -200 
 8.91707  13.8945 -200 
 8.78659  13.8527 -200 
 8.6561  13.8106 -200 
 8.52561  13.7682 -200 
 8.4704  13.75 -200 
 8.39512  13.725 -200 
 8.26463  13.6813 -200 
 8.13415  13.6373 -200 
 8.02446  13.6 -200 
 8.00366  13.5929 -200 
 7.87317  13.5476 -200 
 7.74268  13.502 -200 
 7.6122  13.4562 -200 
 7.59467  13.45 -200 
 7.48171  13.4095 -200 
 7.35122  13.3625 -200 
 7.22073  13.3152 -200 
 7.17916  13.3 -200 
 7.09024  13.2672 -200 
 6.95976  13.2187 -200 
 6.82927  13.17 -200 
 6.77617  13.15 -200 
 6.69878  13.1206 -200 
 6.56829  13.0707 -200 
 6.4378  13.0206 -200 
 6.3845  13 -200 
 6.30732  12.9699 -200 
 6.17683  12.9186 -200 
 6.04634  12.8672 -200 
 6.00311  12.85 -200 
 5.91585  12.815 -200 
 5.78537  12.7624 -200 
 5.65488  12.7097 -200 
 5.63108  12.7 -200 
 5.52439  12.6561 -200 
 5.3939  12.6023 -200 
 5.26767  12.55 -200 
 5.26341  12.5482 -200 
 5.13293  12.4932 -200 
 5.00244  12.4381 -200 
 4.91258  12.4 -200 
 4.87195  12.3826 -200 
 4.74146  12.3264 -200 
 4.61098  12.2701 -200 
 4.56475  12.25 -200 
 4.48049  12.2131 -200 


# Contour 11, label:     -220
 14.6585 -1.09328 -220 
 14.6509 -1.1 -220 
 14.528 -1.20695 -220 
 14.4787 -1.25 -220 
 14.3976 -1.31999 -220 
 14.305 -1.4 -220 
 14.2671 -1.43244 -220 
 14.1366 -1.5442 -220 
 14.1298 -1.55 -220 
 14.0061 -1.65482 -220 
 13.9528 -1.7 -220 
 13.8756 -1.76489 -220 
 13.7744 -1.85 -220 
 13.7451 -1.87444 -220 
 13.6146 -1.98318 -220 
 13.5944 -2 -220 

 4.48049  12.7026 -220 
 4.47453  12.7 -220 
 4.35  12.6447 -220 
 4.21951  12.5866 -220 
 4.13759  12.55 -220 
 4.08902  12.5281 -220 
 3.95854  12.469 -220 
 3.82805  12.4099 -220 
 3.80637  12.4 -220 
 3.69756  12.35 -220 
 3.56707  12.2898 -220 
 3.48098  12.25 -220 
 3.43659  12.2293 -220 
 3.3061  12.1682 -220 
 3.17561  12.107 -220 
 3.16077  12.1 -220 
 3.04512  12.045 -220 
 2.91463  11.9829 -220 
 2.84588  11.95 -220 
 2.78415  11.9203 -220 
 2.65366  11.8572 -220 
 2.53557  11.8 -220 
 2.52317  11.7939 -220 
 2.39268  11.7299 -220 
 2.2622  11.6658 -220 
 2.2301  11.65 -220 
 2.13171  11.6011 -220 
 2.00122  11.5361 -220 
 1.92901  11.5 -220 
 1.87073  11.4707 -220 
 1.74024  11.4047 -220 
 1.63202  11.35 -220 
 1.60976  11.3387 -220 
 1.47927  11.2718 -220 
 1.34878  11.205 -220 
 1.33911  11.2 -220 
 1.21829  11.1373 -220 
 1.0878  11.0696 -220 
 1.05027  11.05 -220 
 0.957317  11.0012 -220 
 0.826829  10.9325 -220 
 0.765111  10.9 -220 
 0.696341  10.8634 -220 
 0.565854  10.7939 -220 
 0.483522  10.75 -220 
 0.435366  10.7241 -220 
 0.304878  10.6537 -220 
 0.2054  10.6 -220 
 0.17439  10.5831 -220 
 0.0439024  10.5118 -220 
-0.0693554  10.45 -220 
-0.0865854  10.4405 -220 
-0.217073  10.3684 -220 
-0.340841  10.3 -220 
-0.347561  10.2963 -220 
-0.478049  10.2233 -220 
-0.608537  10.1503 -220 
-0.609142  10.15 -220 
-0.739024  10.0765 -220 
-0.869512  10.0027 -220 
-0.874317  10 -220 
-1  9.92806 -220 

 14.6585  15.7516 -220 
 14.528  15.735 -220 
 14.3976  15.7177 -220 
 14.269  15.7 -220 
 14.2671  15.6997 -220 
 14.1366  15.6807 -220 
 14.0061  15.6609 -220 
 13.8756  15.6405 -220 
 13.7451  15.6194 -220 
 13.6146  15.5977 -220 
 13.4841  15.5753 -220 
 13.3537  15.5523 -220 
 13.3413  15.55 -220 
 13.2232  15.5283 -220 
 13.0927  15.5036 -220 
 12.9622  15.4784 -220 
 12.8317  15.4526 -220 
 12.7012  15.4263 -220 
 12.5738  15.4 -220 
 12.5707  15.3994 -220 
 12.4402  15.3715 -220 
 12.3098  15.343 -220 
 12.1793  15.3141 -220 
 12.0488  15.2846 -220 
 11.9183  15.2546 -220 
 11.8985  15.25 -220 
 11.7878  15.2238 -220 
 11.6573  15.1924 -220 
 11.5268  15.1605 -220 
 11.3963  15.1281 -220 
 11.2846  15.1 -220 
 11.2659  15.0952 -220 
 11.1354  15.0615 -220 
 11.0049  15.0273 -220 
 10.8744  14.9927 -220 
 10.7439  14.9576 -220 
 10.716  14.95 -220 
 10.6134  14.9217 -220 
 10.4829  14.8853 -220 
 10.3524  14.8486 -220 
 10.222  14.8114 -220 
 10.1825  14.8 -220 
 10.0915  14.7735 -220 
 9.96098  14.735 -220 
 9.83049  14.6961 -220 
 9.7  14.657 -220 
 9.67714  14.65 -220 
 9.56951  14.6169 -220 
 9.43902  14.5765 -220 
 9.30854  14.5357 -220 
 9.1954  14.5 -220 
 9.17805  14.4945 -220 
 9.04756  14.4524 -220 
 8.91707  14.4101 -220 
 8.78659  14.3674 -220 
 8.73385  14.35 -220 
 8.6561  14.3241 -220 
 8.52561  14.2802 -220 
 8.39512  14.2361 -220 
 8.28933  14.2 -220 
 8.26463  14.1915 -220 
 8.13415  14.1462 -220 
 8.00366  14.1005 -220 
 7.87317  14.0547 -220 
 7.86001  14.05 -220 
 7.74268  14.008 -220 
 7.6122  13.9609 -220 
 7.48171  13.9137 -220 
 7.44436  13.9 -220 
 7.35122  13.8657 -220 
 7.22073  13.8172 -220 
 7.09024  13.7686 -220 
 7.04069  13.75 -220 
 6.95976  13.7193 -220 
 6.82927  13.6696 -220 
 6.69878  13.6196 -220 
 6.6479  13.6 -220 
 6.56829  13.569 -220 
 6.4378  13.518 -220 
 6.30732  13.4667 -220 
 6.26503  13.45 -220 
 6.17683  13.4148 -220 
 6.04634  13.3625 -220 
 5.91585  13.31 -220 
 5.89123  13.3 -220 
 5.78537  13.2567 -220 
 5.65488  13.2031 -220 
 5.52577  13.15 -220 
 5.52439  13.1494 -220 
 5.3939  13.0948 -220 
 5.26341  13.04 -220 
 5.16843  13 -220 
 5.13293  12.9849 -220 
 5.00244  12.9291 -220 
 4.87195  12.8732 -220 
 4.8182  12.85 -220 
 4.74146  12.8166 -220 
 4.61098  12.7597 -220 
 4.48049  12.7026 -220 


# Contour 12, label:     -240
 14.6585 -1.6672 -240 
 14.6201 -1.7 -240 
 14.528 -1.7779 -240 
 14.4429 -1.85 -240 
 14.3976 -1.88807 -240 
 14.2671 -1.99769 -240 
 14.2643 -2 -240 

 3.12917  12.55 -240 
 3.04512  12.5099 -240 
 2.91463  12.4476 -240 
 2.81525  12.4 -240 
 2.78415  12.385 -240 
 2.65366  12.3217 -240 
 2.52317  12.2584 -240 
 2.50591  12.25 -240 
 2.39268  12.1944 -240 
 2.2622  12.1302 -240 
 2.20111  12.1 -240 
 2.13171  12.0655 -240 
 2.00122  12.0004 -240 
 1.90036  11.95 -240 
 1.87073  11.9351 -240 
 1.74024  11.8691 -240 
 1.60976  11.8031 -240 
 1.60361  11.8 -240 
 1.47927  11.7363 -240 
 1.34878  11.6695 -240 
 1.31095  11.65 -240 
 1.21829  11.602 -240 
 1.0878  11.5343 -240 
 1.02195  11.5 -240 
 0.957317  11.4661 -240 
 0.826829  11.3975 -240 
 0.736479  11.35 -240 
 0.696341  11.3287 -240 
 0.565854  11.2593 -240 
 0.454453  11.2 -240 
 0.435366  11.1898 -240 
 0.304878  11.1195 -240 
 0.175771  11.05 -240 
 0.17439  11.0493 -240 
 0.0439024  10.9781 -240 
-0.0865854  10.9071 -240 
-0.09952  10.9 -240 
-0.217073  10.8352 -240 
-0.347561  10.7633 -240 
-0.371672  10.75 -240 
-0.478049  10.6907 -240 
-0.608537  10.618 -240 
-0.640786  10.6 -240 
-0.739024  10.5447 -240 
-0.869512  10.4711 -240 
-0.906942  10.45 -240 
-1  10.397 -240 

 12.8774  16 -240 
 12.8317  15.9901 -240 
 12.7012  15.9614 -240 
 12.5707  15.9321 -240 
 12.4402  15.9023 -240 
 12.3098  15.8721 -240 
 12.216  15.85 -240 
 12.1793  15.8413 -240 
 12.0488  15.8096 -240 
 11.9183  15.7776 -240 
 11.7878  15.745 -240 
 11.6573  15.7121 -240 
 11.6102  15.7 -240 
 11.5268  15.6784 -240 
 11.3963  15.6441 -240 
 11.2659  15.6094 -240 
 11.1354  15.5743 -240 
 11.046  15.55 -240 
 11.0049  15.5387 -240 
 10.8744  15.5023 -240 
 10.7439  15.4655 -240 
 10.6134  15.4284 -240 
 10.5147  15.4 -240 
 10.4829  15.3908 -240 
 10.3524  15.3524 -240 
 10.222  15.3136 -240 
 10.0915  15.2746 -240 
 10.0103  15.25 -240 
 9.96098  15.2349 -240 
 9.83049  15.1946 -240 
 9.7  15.154 -240 
 9.56951  15.1131 -240 
 9.52837  15.1 -240 
 9.43902  15.0714 -240 
 9.30854  15.0293 -240 
 9.17805  14.9868 -240 
 9.06556  14.95 -240 
 9.04756  14.9441 -240 
 8.91707  14.9004 -240 
 8.78659  14.8566 -240 
 8.6561  14.8124 -240 
 8.61971  14.8 -240 
 8.52561  14.7676 -240 
 8.39512  14.7223 -240 
 8.26463  14.6768 -240 
 8.18854  14.65 -240 
 8.13415  14.6307 -240 
 8.00366  14.5841 -240 
 7.87317  14.5372 -240 
 7.77037  14.5 -240 
 7.74268  14.4899 -240 
 7.6122  14.4419 -240 
 7.48171  14.3937 -240 
 7.36401  14.35 -240 
 7.35122  14.3452 -240 
 7.22073  14.2959 -240 
 7.09024  14.2464 -240 
 6.96842  14.2 -240 
 6.95976  14.1967 -240 
 6.82927  14.1461 -240 
 6.69878  14.0953 -240 
 6.58266  14.05 -240 
 6.56829  14.0443 -240 
 6.4378  13.9925 -240 
 6.30732  13.9406 -240 
 6.20592  13.9 -240 
 6.17683  13.8883 -240 
 6.04634  13.8353 -240 
 5.91585  13.7821 -240 
 5.83746  13.75 -240 
 5.78537  13.7285 -240 
 5.65488  13.6743 -240 
 5.52439  13.62 -240 
 5.47662  13.6 -240 
 5.3939  13.5651 -240 
 5.26341  13.5098 -240 
 5.13293  13.4543 -240 
 5.12282  13.45 -240 
 5.00244  13.3981 -240 
 4.87195  13.3416 -240 
 4.77599  13.3 -240 
 4.74146  13.2849 -240 
 4.61098  13.2275 -240 
 4.48049  13.17 -240 
 4.43539  13.15 -240 
 4.35  13.1119 -240 
 4.21951  13.0534 -240 
 4.10057  13 -240 
 4.08902  12.9948 -240 
 3.95854  12.9353 -240 
 3.82805  12.8758 -240 
 3.77164  12.85 -240 
 3.69756  12.8158 -240 
 3.56707  12.7554 -240 
 3.44775  12.7 -240 
 3.43659  12.6948 -240 
 3.3061  12.6334 -240 
 3.17561  12.572 -240 
 3.12917  12.55 -240 


# Contour 13, label:     -260
 1.47927  12.182 -260 
 1.34878  12.1152 -260 
 1.31921  12.1 -260 
 1.21829  12.0478 -260 
 1.0878  11.9802 -260 
 1.02971  11.95 -260 
 0.957317  11.9121 -260 
 0.826829  11.8437 -260 
 0.74363  11.8 -260 
 0.696341  11.775 -260 
 0.565854  11.7057 -260 
 0.460873  11.65 -260 
 0.435366  11.6364 -260 
 0.304878  11.5663 -260 
 0.18135  11.5 -260 
 0.17439  11.4962 -260 
 0.0439024  11.4254 -260 
-0.0865854  11.3546 -260 
-0.0949379  11.35 -260 
-0.217073  11.2829 -260 
-0.347561  11.2113 -260 
-0.368124  11.2 -260 
-0.478049  11.139 -260 
-0.608537  11.0666 -260 
-0.638361  11.05 -260 
-0.739024  10.9935 -260 
-0.869512  10.9204 -260 
-0.905725  10.9 -260 
-1  10.8466 -260 

 10.9175  16 -260 
 10.8744  15.9875 -260 
 10.7439  15.9493 -260 
 10.6134  15.9108 -260 
 10.4829  15.8719 -260 
 10.41  15.85 -260 
 10.3524  15.8325 -260 
 10.222  15.7925 -260 
 10.0915  15.7521 -260 
 9.96098  15.7115 -260 
 9.92456  15.7 -260 
 9.83049  15.6701 -260 
 9.7  15.6283 -260 
 9.56951  15.5862 -260 
 9.45808  15.55 -260 
 9.43902  15.5438 -260 
 9.30854  15.5005 -260 
 9.17805  15.457 -260 
 9.04756  15.4133 -260 
 9.00835  15.4 -260 
 8.91707  15.3688 -260 
 8.78659  15.324 -260 
 8.6561  15.2789 -260 
 8.57318  15.25 -260 
 8.52561  15.2333 -260 
 8.39512  15.1871 -260 
 8.26463  15.1407 -260 
 8.15091  15.1 -260 
 8.13415  15.094 -260 
 8.00366  15.0465 -260 
 7.87317  14.9988 -260 
 7.74268  14.9508 -260 
 7.74042  14.95 -260 
 7.6122  14.9021 -260 
 7.48171  14.8531 -260 
 7.35122  14.804 -260 
 7.34076  14.8 -260 
 7.22073  14.754 -260 
 7.09024  14.7038 -260 
 6.95976  14.6535 -260 
 6.95078  14.65 -260 
 6.82927  14.6023 -260 
 6.69878  14.551 -260 
 6.56972  14.5 -260 
 6.56829  14.4994 -260 
 6.4378  14.4471 -260 
 6.30732  14.3945 -260 
 6.19712  14.35 -260 
 6.17683  14.3417 -260 
 6.04634  14.2882 -260 
 5.91585  14.2346 -260 
 5.83218  14.2 -260 
 5.78537  14.1805 -260 
 5.65488  14.1259 -260 
 5.52439  14.0711 -260 
 5.47433  14.05 -260 
 5.3939  14.0158 -260 
 5.26341  13.9601 -260 
 5.13293  13.9043 -260 
 5.12305  13.9 -260 
 5.00244  13.8476 -260 
 4.87195  13.7909 -260 
 4.77834  13.75 -260 
 4.74146  13.7338 -260 
 4.61098  13.6761 -260 
 4.48049  13.6183 -260 
 4.43947  13.6 -260 
 4.35  13.5599 -260 
 4.21951  13.5011 -260 
 4.10613  13.45 -260 
 4.08902  13.4422 -260 
 3.95854  13.3826 -260 
 3.82805  13.3229 -260 
 3.77831  13.3 -260 
 3.69756  13.2626 -260 
 3.56707  13.202 -260 
 3.45536  13.15 -260 
 3.43659  13.1412 -260 
 3.3061  13.0797 -260 
 3.17561  13.0181 -260 
 3.13738  13 -260 
 3.04512  12.9559 -260 
 2.91463  12.8935 -260 
 2.82394  12.85 -260 
 2.78415  12.8308 -260 
 2.65366  12.7674 -260 
 2.52317  12.7041 -260 
 2.51479  12.7 -260 
 2.39268  12.6399 -260 
 2.2622  12.5757 -260 
 2.2101  12.55 -260 
 2.13171  12.511 -260 
 2.00122  12.4459 -260 
 1.90929  12.4 -260 
 1.87073  12.3806 -260 
 1.74024  12.3147 -260 
 1.61225  12.25 -260 
 1.60976  12.2487 -260 
 1.47927  12.182 -260 


# Contour 14, label:     -280
 0.218398  11.95 -280 
 0.17439  11.9263 -280 
 0.0439024  11.8557 -280 
-0.0591279  11.8 -280 
-0.0865854  11.785 -280 
-0.217073  11.7137 -280 
-0.333677  11.65 -280 
-0.347561  11.6424 -280 
-0.478049  11.5703 -280 
-0.605327  11.5 -280 
-0.608537  11.4982 -280 
-0.739024  11.4254 -280 
-0.869512  11.3526 -280 
-0.874104  11.35 -280 
-1  11.279 -280 

 9.45025  16 -280 
 9.43902  15.9962 -280 
 9.30854  15.9521 -280 
 9.17805  15.9078 -280 
 9.04756  15.8631 -280 
 9.00947  15.85 -280 
 8.91707  15.8179 -280 
 8.78659  15.7722 -280 
 8.6561  15.7263 -280 
 8.58176  15.7 -280 
 8.52561  15.68 -280 
 8.39512  15.633 -280 
 8.26463  15.5859 -280 
 8.16583  15.55 -280 
 8.13415  15.5384 -280 
 8.00366  15.4902 -280 
 7.87317  15.4419 -280 
 7.76067  15.4 -280 
 7.74268  15.3933 -280 
 7.6122  15.3439 -280 
 7.48171  15.2943 -280 
 7.36542  15.25 -280 
 7.35122  15.2445 -280 
 7.22073  15.194 -280 
 7.09024  15.1433 -280 
 6.97926  15.1 -280 
 6.95976  15.0923 -280 
 6.82927  15.0406 -280 
 6.69878  14.9888 -280 
 6.60151  14.95 -280 
 6.56829  14.9367 -280 
 6.4378  14.8838 -280 
 6.30732  14.8309 -280 
 6.23152  14.8 -280 
 6.17683  14.7775 -280 
 6.04634  14.7236 -280 
 5.91585  14.6696 -280 
 5.86871  14.65 -280 
 5.78537  14.615 -280 
 5.65488  14.5601 -280 
 5.52439  14.505 -280 
 5.51258  14.5 -280 
 5.3939  14.4492 -280 
 5.26341  14.3932 -280 
 5.16302  14.35 -280 
 5.13293  14.337 -280 
 5.00244  14.28 -280 
 4.87195  14.223 -280 
 4.81945  14.2 -280 
 4.74146  14.1655 -280 
 4.61098  14.1076 -280 
 4.4813  14.05 -280 
 4.48049  14.0496 -280 
 4.35  13.9908 -280 
 4.21951  13.932 -280 
 4.14892  13.9 -280 
 4.08902  13.8727 -280 
 3.95854  13.8129 -280 
 3.82805  13.7531 -280 
 3.82129  13.75 -280 
 3.69756  13.6925 -280 
 3.56707  13.6318 -280 
 3.49884  13.6 -280 
 3.43659  13.5707 -280 
 3.3061  13.5092 -280 
 3.18071  13.45 -280 
 3.17561  13.4476 -280 
 3.04512  13.3852 -280 
 2.91463  13.3227 -280 
 2.86732  13.3 -280 
 2.78415  13.2598 -280 
 2.65366  13.1965 -280 
 2.55801  13.15 -280 
 2.52317  13.133 -280 
 2.39268  13.0688 -280 
 2.2622  13.0047 -280 
 2.25271  13 -280 
 2.13171  12.9398 -280 
 2.00122  12.8748 -280 
 1.95153  12.85 -280 
 1.87073  12.8093 -280 
 1.74024  12.7436 -280 
 1.654  12.7 -280 
 1.60976  12.6775 -280 
 1.47927  12.6109 -280 
 1.36  12.55 -280 
 1.34878  12.5442 -280 
 1.21829  12.4768 -280 
 1.0878  12.4094 -280 
 1.06963  12.4 -280 
 0.957317  12.3413 -280 
 0.826829  12.2731 -280 
 0.782695  12.25 -280 
 0.696341  12.2044 -280 
 0.565854  12.1354 -280 
 0.498978  12.1 -280 
 0.435366  12.0661 -280 
 0.304878  11.9963 -280 
 0.218398  11.95 -280 


# Contour 15, label:     -300
-0.869512  11.7693 -300 
-1  11.6961 -300 

 8.22524  16 -300 
 8.13415  15.9662 -300 
 8.00366  15.9175 -300 
 7.87317  15.8686 -300 
 7.82373  15.85 -300 
 7.74268  15.8192 -300 
 7.6122  15.7694 -300 
 7.48171  15.7194 -300 
 7.43145  15.7 -300 
 7.35122  15.6688 -300 
 7.22073  15.6179 -300 
 7.09024  15.5668 -300 
 7.0477  15.55 -300 
 6.95976  15.5151 -300 
 6.82927  15.463 -300 
 6.69878  15.4109 -300 
 6.67183  15.4 -300 
 6.56829  15.358 -300 
 6.4378  15.3049 -300 
 6.30732  15.2517 -300 
 6.30329  15.25 -300 
 6.17683  15.1976 -300 
 6.04634  15.1435 -300 
 5.94189  15.1 -300 
 5.91585  15.0891 -300 
 5.78537  15.034 -300 
 5.65488  14.9789 -300 
 5.58693  14.95 -300 
 5.52439  14.9233 -300 
 5.3939  14.8672 -300 
 5.26341  14.811 -300 
 5.23793  14.8 -300 
 5.13293  14.7542 -300 
 5.00244  14.6972 -300 
 4.89477  14.65 -300 
 4.87195  14.6399 -300 
 4.74146  14.582 -300 
 4.61098  14.524 -300 
 4.55715  14.5 -300 
 4.48049  14.4655 -300 
 4.35  14.4067 -300 
 4.22449  14.35 -300 
 4.21951  14.3477 -300 
 4.08902  14.288 -300 
 3.95854  14.2283 -300 
 3.89709  14.2 -300 
 3.82805  14.168 -300 
 3.69756  14.1074 -300 
 3.57408  14.05 -300 
 3.56707  14.0467 -300 
 3.43659  13.9853 -300 
 3.3061  13.9238 -300 
 3.25586  13.9 -300 
 3.17561  13.8618 -300 
 3.04512  13.7994 -300 
 2.94175  13.75 -300 
 2.91463  13.7369 -300 
 2.78415  13.6738 -300 
 2.65366  13.6106 -300 
 2.63181  13.6 -300 
 2.52317  13.5468 -300 
 2.39268  13.4828 -300 
 2.32592  13.45 -300 
 2.2622  13.4185 -300 
 2.13171  13.3537 -300 
 2.0237  13.3 -300 
 2.00122  13.2888 -300 
 1.87073  13.2232 -300 
 1.74024  13.1576 -300 
 1.7252  13.15 -300 
 1.60976  13.0913 -300 
 1.47927  13.025 -300 
 1.43035  13 -300 
 1.34878  12.9581 -300 
 1.21829  12.891 -300 
 1.13885  12.85 -300 
 1.0878  12.8235 -300 
 0.957317  12.7556 -300 
 0.850585  12.7 -300 
 0.826829  12.6875 -300 
 0.696341  12.6188 -300 
 0.565854  12.5502 -300 
 0.565492  12.55 -300 
 0.435366  12.4807 -300 
 0.304878  12.4113 -300 
 0.283686  12.4 -300 
 0.17439  12.3412 -300 
 0.0439024  12.2711 -300 
 0.00485261  12.25 -300 
-0.0865854  12.2003 -300 
-0.217073  12.1294 -300 
-0.271083  12.1 -300 
-0.347561  12.0581 -300 
-0.478049  11.9864 -300 
-0.544193  11.95 -300 
-0.608537  11.9144 -300 
-0.739024  11.842 -300 
-0.814545  11.8 -300 
-0.869512  11.7693 -300 


# Contour 16, label:     -320
 7.15136  16 -320 
 7.09024  15.9757 -320 
 6.95976  15.9235 -320 
 6.82927  15.8712 -320 
 6.7766  15.85 -320 
 6.69878  15.8184 -320 
 6.56829  15.7652 -320 
 6.4378  15.7119 -320 
 6.40888  15.7 -320 
 6.30732  15.6579 -320 
 6.17683  15.6037 -320 
 6.04775  15.55 -320 
 6.04634  15.5494 -320 
 5.91585  15.4943 -320 
 5.78537  15.4391 -320 
 5.69316  15.4 -320 
 5.65488  15.3836 -320 
 5.52439  15.3276 -320 
 5.3939  15.2714 -320 
 5.34434  15.25 -320 
 5.26341  15.2148 -320 
 5.13293  15.1578 -320 
 5.00244  15.1007 -320 
 5.00091  15.1 -320 
 4.87195  15.0428 -320 
 4.74146  14.9849 -320 
 4.66313  14.95 -320 
 4.61098  14.9266 -320 
 4.48049  14.8678 -320 
 4.35  14.809 -320 
 4.33014  14.8 -320 
 4.21951  14.7495 -320 
 4.08902  14.6899 -320 
 4.00209  14.65 -320 
 3.95854  14.6299 -320 
 3.82805  14.5694 -320 
 3.69756  14.5089 -320 
 3.6785  14.5 -320 
 3.56707  14.4477 -320 
 3.43659  14.3864 -320 
 3.35945  14.35 -320 
 3.3061  14.3247 -320 
 3.17561  14.2625 -320 
 3.04512  14.2004 -320 
 3.04435  14.2 -320 
 2.91463  14.1374 -320 
 2.78415  14.0745 -320 
 2.73361  14.05 -320 
 2.65366  14.011 -320 
 2.52317  13.9473 -320 
 2.42656  13.9 -320 
 2.39268  13.8833 -320 
 2.2622  13.8188 -320 
 2.13171  13.7542 -320 
 2.12318  13.75 -320 
 2.00122  13.689 -320 
 1.87073  13.6237 -320 
 1.82361  13.6 -320 
 1.74024  13.5579 -320 
 1.60976  13.4918 -320 
 1.5274  13.45 -320 
 1.47927  13.4254 -320 
 1.34878  13.3586 -320 
 1.23447  13.3 -320 
 1.21829  13.2917 -320 
 1.0878  13.2241 -320 
 0.957317  13.1565 -320 
 0.944848  13.15 -320 
 0.826829  13.0882 -320 
 0.696341  13.0199 -320 
 0.658467  13 -320 
 0.565854  12.951 -320 
 0.435366  12.882 -320 
 0.375087  12.85 -320 
 0.304878  12.8125 -320 
 0.17439  12.7427 -320 
 0.0946351  12.7 -320 
 0.0439024  12.6726 -320 
-0.0865854  12.6021 -320 
-0.182961  12.55 -320 
-0.217073  12.5314 -320 
-0.347561  12.4602 -320 
-0.457769  12.4 -320 
-0.478049  12.3889 -320 
-0.608537  12.3169 -320 
-0.729856  12.25 -320 
-0.739024  12.2449 -320 
-0.869512  12.1722 -320 
-0.999287  12.1 -320 
-1  12.0996 -320 


# Contour 17, label:     -340
 6.18338  16 -340 
 6.17683  15.9973 -340 
 6.04634  15.9422 -340 
 5.91585  15.8871 -340 
 5.82849  15.85 -340 
 5.78537  15.8316 -340 
 5.65488  15.7756 -340 
 5.52439  15.7195 -340 
 5.47921  15.7 -340 
 5.3939  15.6629 -340 
 5.26341  15.606 -340 
 5.13522  15.55 -340 
 5.13293  15.549 -340 
 5.00244  15.4913 -340 
 4.87195  15.4334 -340 
 4.79673  15.4 -340 
 4.74146  15.3753 -340 
 4.61098  15.3166 -340 
 4.48049  15.2579 -340 
 4.46291  15.25 -340 
 4.35  15.1986 -340 
 4.21951  15.1391 -340 
 4.13396  15.1 -340 
 4.08902  15.0793 -340 
 3.95854  15.019 -340 
 3.82805  14.9587 -340 
 3.80935  14.95 -340 
 3.69756  14.8977 -340 
 3.56707  14.8366 -340 
 3.4892  14.8 -340 
 3.43659  14.7751 -340 
 3.3061  14.7132 -340 
 3.17561  14.6513 -340 
 3.17293  14.65 -340 
 3.04512  14.5886 -340 
 2.91463  14.5259 -340 
 2.86094  14.5 -340 
 2.78415  14.4627 -340 
 2.65366  14.3993 -340 
 2.55256  14.35 -340 
 2.52317  14.3356 -340 
 2.39268  14.2713 -340 
 2.2622  14.2071 -340 
 2.24784  14.2 -340 
 2.13171  14.1422 -340 
 2.00122  14.0772 -340 
 1.94682  14.05 -340 
 1.87073  14.0117 -340 
 1.74024  13.946 -340 
 1.6491  13.9 -340 
 1.60976  13.88 -340 
 1.47927  13.8135 -340 
 1.3546  13.75 -340 
 1.34878  13.747 -340 
 1.21829  13.6798 -340 
 1.0878  13.6126 -340 
 1.06348  13.6 -340 
 0.957317  13.5448 -340 
 0.826829  13.4768 -340 
 0.775446  13.45 -340 
 0.696341  13.4084 -340 
 0.565854  13.3398 -340 
 0.490371  13.3 -340 
 0.435366  13.2708 -340 
 0.304878  13.2014 -340 
 0.208184  13.15 -340 
 0.17439  13.1319 -340 
 0.0439024  13.0618 -340 
-0.0711843  13 -340 
-0.0865854  12.9917 -340 
-0.217073  12.9209 -340 
-0.347561  12.8501 -340 
-0.347798  12.85 -340 
-0.478049  12.7786 -340 
-0.608537  12.7072 -340 
-0.621608  12.7 -340 
-0.739024  12.6351 -340 
-0.869512  12.5629 -340 
-0.892818  12.55 -340 
-1  12.4902 -340 


# Contour 18, label:     -360
 5.29543  16 -360 
 5.26341  15.9859 -360 
 5.13293  15.9284 -360 
 5.00244  15.8707 -360 
 4.95573  15.85 -360 
 4.87195  15.8126 -360 
 4.74146  15.7542 -360 
 4.62073  15.7 -360 
 4.61098  15.6956 -360 
 4.48049  15.6364 -360 
 4.35  15.5771 -360 
 4.29058  15.55 -360 
 4.21951  15.5174 -360 
 4.08902  15.4573 -360 
 3.9646  15.4 -360 
 3.95854  15.3972 -360 
 3.82805  15.3364 -360 
 3.69756  15.2755 -360 
 3.64312  15.25 -360 
 3.56707  15.2142 -360 
 3.43659  15.1525 -360 
 3.3255  15.1 -360 
 3.3061  15.0908 -360 
 3.17561  15.0284 -360 
 3.04512  14.966 -360 
 3.01191  14.95 -360 
 2.91463  14.903 -360 
 2.78415  14.8398 -360 
 2.70206  14.8 -360 
 2.65366  14.7764 -360 
 2.52317  14.7125 -360 
 2.39568  14.65 -360 
 2.39268  14.6485 -360 
 2.2622  14.5839 -360 
 2.13171  14.5192 -360 
 2.09304  14.5 -360 
 2.00122  14.4541 -360 
 1.87073  14.3887 -360 
 1.7937  14.35 -360 
 1.74024  14.323 -360 
 1.60976  14.2569 -360 
 1.49752  14.2 -360 
 1.47927  14.1907 -360 
 1.34878  14.1239 -360 
 1.21829  14.0571 -360 
 1.20457  14.05 -360 
 1.0878  13.9896 -360 
 0.957317  13.9221 -360 
 0.914784  13.9 -360 
 0.826829  13.8541 -360 
 0.696341  13.7858 -360 
 0.627916  13.75 -360 
 0.565854  13.7173 -360 
 0.435366  13.6484 -360 
 0.343898  13.6 -360 
 0.304878  13.5792 -360 
 0.17439  13.5096 -360 
 0.0626652  13.45 -360 
 0.0439024  13.4399 -360 
-0.0865854  13.3696 -360 
-0.215848  13.3 -360 
-0.217073  13.2993 -360 
-0.347561  13.2283 -360 
-0.478049  13.1574 -360 
-0.491582  13.15 -360 
-0.608537  13.0858 -360 
-0.739024  13.0142 -360 
-0.764732  13 -360 
-0.869512  12.9419 -360 
-1  12.8696 -360 


# Contour 19, label:     -380
 4.47009  16 -380 
 4.35  15.945 -380 
 4.21951  15.8853 -380 
 4.14278  15.85 -380 
 4.08902  15.8251 -380 
 3.95854  15.7646 -380 
 3.82805  15.704 -380 
 3.81944  15.7 -380 
 3.69756  15.6428 -380 
 3.56707  15.5814 -380 
 3.50035  15.55 -380 
 3.43659  15.5198 -380 
 3.3061  15.4577 -380 
 3.1849  15.4 -380 
 3.17561  15.3956 -380 
 3.04512  15.3328 -380 
 2.91463  15.2699 -380 
 2.87339  15.25 -380 
 2.78415  15.2066 -380 
 2.65366  15.1431 -380 
 2.56537  15.1 -380 
 2.52317  15.0793 -380 
 2.39268  15.015 -380 
 2.2622  14.9507 -380 
 2.26069  14.95 -380 
 2.13171  14.8858 -380 
 2.00122  14.8208 -380 
 1.95961  14.8 -380 
 1.87073  14.7553 -380 
 1.74024  14.6896 -380 
 1.66167  14.65 -380 
 1.60976  14.6237 -380 
 1.47927  14.5573 -380 
 1.36678  14.5 -380 
 1.34878  14.4908 -380 
 1.21829  14.4237 -380 
 1.0878  14.3566 -380 
 1.07499  14.35 -380 
 0.957317  14.2889 -380 
 0.826829  14.2211 -380 
 0.786244  14.2 -380 
 0.696341  14.1529 -380 
 0.565854  14.0844 -380 
 0.500318  14.05 -380 
 0.435366  14.0157 -380 
 0.304878  13.9465 -380 
 0.217144  13.9 -380 
 0.17439  13.8772 -380 
 0.0439024  13.8074 -380 
-0.0633388  13.75 -380 
-0.0865854  13.7375 -380 
-0.217073  13.667 -380 
-0.341192  13.6 -380 
-0.347561  13.5965 -380 
-0.478049  13.5254 -380 
-0.608537  13.4543 -380 
-0.616404  13.45 -380 
-0.739024  13.3825 -380 
-0.869512  13.3108 -380 
-0.889069  13.3 -380 
-1  13.2384 -380 


# Contour 20, label:     -400
 3.69587  16 -400 
 3.56707  15.9391 -400 
 3.43659  15.8774 -400 
 3.3788  15.85 -400 
 3.3061  15.8153 -400 
 3.17561  15.7529 -400 
 3.0652  15.7 -400 
 3.04512  15.6903 -400 
 2.91463  15.6272 -400 
 2.78415  15.564 -400 
 2.75527  15.55 -400 
 2.65366  15.5003 -400 
 2.52317  15.4365 -400 
 2.44881  15.4 -400 
 2.39268  15.3723 -400 
 2.2622  15.3078 -400 
 2.14554  15.25 -400 
 2.13171  15.2431 -400 
 2.00122  15.1779 -400 
 1.87073  15.1126 -400 
 1.84562  15.1 -400 
 1.74024  15.0468 -400 
 1.60976  14.9809 -400 
 1.54885  14.95 -400 
 1.47927  14.9145 -400 
 1.34878  14.8479 -400 
 1.25502  14.8 -400 
 1.21829  14.7811 -400 
 1.0878  14.7138 -400 
 0.964066  14.65 -400 
 0.957317  14.6465 -400 
 0.826829  14.5785 -400 
 0.696341  14.5106 -400 
 0.676108  14.5 -400 
 0.565854  14.442 -400 
 0.435366  14.3734 -400 
 0.390933  14.35 -400 
 0.304878  14.3044 -400 
 0.17439  14.2351 -400 
 0.108421  14.2 -400 
 0.0439024  14.1655 -400 
-0.0865854  14.0955 -400 
-0.171486  14.05 -400 
-0.217073  14.0254 -400 
-0.347561  13.9548 -400 
-0.448845  13.9 -400 
-0.478049  13.8841 -400 
-0.608537  13.8129 -400 
-0.723711  13.75 -400 
-0.739024  13.7416 -400 
-0.869512  13.6697 -400 
-0.996138  13.6 -400 
-1  13.5979 -400 


# Contour 21, label:     -420
 2.96447  16 -420 
 2.91463  15.9759 -420 
 2.78415  15.9124 -420 
 2.65573  15.85 -420 
 2.65366  15.849 -420 
 2.52317  15.7849 -420 
 2.39268  15.7208 -420 
 2.35057  15.7 -420 
 2.2622  15.6562 -420 
 2.13171  15.5914 -420 
 2.0485  15.55 -420 
 2.00122  15.5263 -420 
 1.87073  15.4609 -420 
 1.74944  15.4 -420 
 1.74024  15.3954 -420 
 1.60976  15.3292 -420 
 1.47927  15.2631 -420 
 1.45355  15.25 -420 
 1.34878  15.1964 -420 
 1.21829  15.1296 -420 
 1.1606  15.1 -420 
 1.0878  15.0624 -420 
 0.957317  14.995 -420 
 0.870421  14.95 -420 
 0.826829  14.9273 -420 
 0.696341  14.8592 -420 
 0.582968  14.8 -420 
 0.565854  14.791 -420 
 0.435366  14.7222 -420 
 0.304878  14.6535 -420 
 0.298235  14.65 -420 
 0.17439  14.5841 -420 
 0.0439024  14.5148 -420 
 0.0162293  14.5 -420 
-0.0865854  14.4449 -420 
-0.217073  14.3748 -420 
-0.263251  14.35 -420 
-0.347561  14.3044 -420 
-0.478049  14.2337 -420 
-0.540259  14.2 -420 
-0.608537  14.1628 -420 
-0.739024  14.0915 -420 
-0.814847  14.05 -420 
-0.869512  14.0199 -420 
-1  13.948 -420 


# Contour 22, label:     -440
 2.26911  16 -440 
 2.2622  15.9966 -440 
 2.13171  15.9316 -440 
 2.00122  15.8666 -440 
 1.96799  15.85 -440 
 1.87073  15.8011 -440 
 1.74024  15.7355 -440 
 1.66984  15.7 -440 
 1.60976  15.6695 -440 
 1.47927  15.6032 -440 
 1.37453  15.55 -440 
 1.34878  15.5368 -440 
 1.21829  15.4699 -440 
 1.0878  15.403 -440 
 1.08206  15.4 -440 
 0.957317  15.3354 -440 
 0.826829  15.2678 -440 
 0.792503  15.25 -440 
 0.696341  15.1998 -440 
 0.565854  15.1316 -440 
 0.505585  15.1 -440 
 0.435366  15.063 -440 
 0.304878  14.9942 -440 
 0.22125  14.95 -440 
 0.17439  14.9251 -440 
 0.0439024  14.8556 -440 
-0.0605574  14.8 -440 
-0.0865854  14.7861 -440 
-0.217073  14.716 -440 
-0.339889  14.65 -440 
-0.347561  14.6459 -440 
-0.478049  14.5751 -440 
-0.608537  14.5045 -440 
-0.61673  14.5 -440 
-0.739024  14.4332 -440 
-0.869512  14.3619 -440 
-0.891156  14.35 -440 
-1  14.29 -440 


# Contour 23, label:     -460
 1.60521  16 -460 
 1.47927  15.9359 -460 
 1.34878  15.8695 -460 
 1.31057  15.85 -460 
 1.21829  15.8026 -460 
 1.0878  15.7356 -460 
 1.01862  15.7 -460 
 0.957317  15.6683 -460 
 0.826829  15.6006 -460 
 0.729308  15.55 -460 
 0.696341  15.5328 -460 
 0.565854  15.4645 -460 
 0.442584  15.4 -460 
 0.435366  15.3962 -460 
 0.304878  15.3273 -460 
 0.17439  15.2584 -460 
 0.158521  15.25 -460 
 0.0439024  15.189 -460 
-0.0865854  15.1195 -460 
-0.123026  15.1 -460 
-0.217073  15.0495 -460 
-0.347561  14.9794 -460 
-0.402167  14.95 -460 
-0.478049  14.9089 -460 
-0.608537  14.8382 -460 
-0.678949  14.8 -460 
-0.739024  14.7672 -460 
-0.869512  14.6959 -460 
-0.953421  14.65 -460 
-1  14.6244 -460 


# Contour 24, label:     -480
 0.968823  16 -480 
 0.957317  15.994 -480 
 0.826829  15.9263 -480 
 0.696341  15.8586 -480 
 0.679792  15.85 -480 
 0.565854  15.7904 -480 
 0.435366  15.722 -480 
 0.393367  15.7 -480 
 0.304878  15.6533 -480 
 0.17439  15.5844 -480 
 0.109403  15.55 -480 
 0.0439024  15.5152 -480 
-0.0865854  15.4456 -480 
-0.17215  15.4 -480 
-0.217073  15.3759 -480 
-0.347561  15.3058 -480 
-0.451339  15.25 -480 
-0.478049  15.2356 -480 
-0.608537  15.1648 -480 
-0.728212  15.1 -480 
-0.739024  15.0941 -480 
-0.869512  15.0228 -480 
-1  14.9515 -480 


# Contour 25, label:     -500
 0.356806  16 -500 
 0.304878  15.9726 -500 
 0.17439  15.9037 -500 
 0.0727963  15.85 -500 
 0.0439024  15.8346 -500 
-0.0865854  15.7651 -500 
-0.208844  15.7 -500 
-0.217073  15.6956 -500 
-0.347561  15.6255 -500 
-0.478049  15.5554 -500 
-0.488084  15.55 -500 
-0.608537  15.4848 -500 
-0.739024  15.4141 -500 
-0.765002  15.4 -500 
-0.869512  15.343 -500 
-1  15.2717 -500 


# Contour 26, label:     -520
-0.233633  16 -520 
-0.347561  15.9388 -520 
-0.478049  15.8688 -520 
-0.513011  15.85 -520 
-0.608537  15.7983 -520 
-0.739024  15.7277 -520 
-0.790167  15.7 -520 
-0.869512  15.6568 -520 
-1  15.5856 -520 


# Contour 27, label:     -540
-0.804374  16 -540 
-0.869512  15.9646 -540 
-1  15.8935 -540 

